0  0
1.298164  0
2.596328  0
3.894492  0
5.192655  0
6.490819  0
7.788983  0
9.087147  0.06118959
10.38531  0.3554441
11.68347  1.076461
12.98164  2.050368
14.2798  3.265245
15.57797  2.726364
16.87613  2.891008
18.17429  2.002569
19.47246  3.105706
20.77062  2.621428
22.06879  2.750275
23.36695  2.584151
24.66511  2.514301
25.96328  2.462048
27.26144  2.647196
28.5596  3.016678
29.85777  1.246094
31.15593  4.282019
32.4541  2.612974
33.75226  3.883924
35.05042  4.878678
36.34859  3.571602
37.64675  4.526673
38.94492  4.132264
40.24308  2.968912
41.54124  2.268674
42.83941  2.396086
44.13757  4.136043
45.43573  5.63745
46.7339  5.141143
48.03206  4.480354
49.33023  4.60443
50.62839  3.845136
51.92655  4.986908
53.22472  4.632017
54.52288  3.645371
55.82105  4.653894
57.11921  2.466553
58.41737  2.918265
59.71554  5.373968
61.0137  3.514089
62.31186  3.490699
63.61003  3.98354
64.90819  5.202926
66.20636  4.363336
67.50452  3.876356
68.80268  3.80071
70.10085  4.213944
71.39901  2.881833
72.69718  5.724397
73.99534  4.2073
75.2935  3.316974
76.59167  2.61769
77.88983  1.665796
79.18799  3.440011
80.48616  1.443431
81.78432  4.250743
83.08249  5.133229
84.38065  3.279268
85.67881  2.758187
86.97698  3.667286
88.27514  3.341064
89.57331  4.361207
90.87147  1.927028
92.16963  2.820842
93.4678  4.79168
94.76596  1.771197
96.06412  4.464982
97.36229  4.270308
98.66045  2.600772
99.95862  4.390458
101.2568  4.557246
102.5549  4.398831
103.8531  3.131383
105.1513  3.808574
106.4494  3.911788
107.7476  5.402892
109.0458  3.669062
110.3439  1.831103
111.6421  2.36043
112.9403  2.835631
114.2384  4.687371
115.5366  2.55088
116.8347  3.215845
118.1329  3.431296
119.4311  3.516162
120.7292  1.977196
122.0274  2.590571
123.3256  3.612383
124.6237  2.211358
125.9219  3.743625
127.2201  3.986867
128.5182  2.691188
129.8164  1.859139
131.1145  3.316128
132.4127  4.795826
133.7109  3.461771
135.009  3.374347
136.3072  3.267195
137.6054  3.326683
138.9035  2.195965
140.2017  2.014164
141.4999  3.973477
142.798  2.973275
144.0962  1.77584
145.3944  3.252365
146.6925  3.640806
147.9907  4.49385
149.2888  3.542401
150.587  2.355811
151.8852  2.429838
153.1833  2.242828
154.4815  2.973384
155.7797  3.432311
157.0778  2.681386
158.376  4.134273
159.6742  4.882664
160.9723  2.288552
162.2705  2.259153
163.5686  2.603723
164.8668  1.699117
166.165  1.271151
167.4631  1.699399
168.7613  1.739073
170.0595  2.225603
171.3576  2.115444
172.6558  2.77805
173.954  1.462723
175.2521  3.041648
176.5503  3.754766
177.8484  1.820918
179.1466  1.623211
180.4448  1.505007
181.7429  2.774893
183.0411  2.2845
184.3393  3.686745
185.6374  1.216141
186.9356  2.357635
188.2338  3.605125
189.5319  2.82997
190.8301  1.798446
192.1282  2.085774
193.4264  2.307422
194.7246  2.69493
196.0227  1.917071
197.3209  2.732923
198.6191  1.617578
199.9172  2.542777
201.2154  2.408819
202.5136  1.212745
203.8117  1.09706
205.1099  2.411634
206.4081  2.259255
207.7062  1.289274
209.0044  3.088711
210.3025  1.749964
211.6007  3.495588
212.8989  3.381807
214.197  3.834221
215.4952  2.337313
216.7934  1.262605
218.0915  2.226588
219.3897  3.211923
220.6879  2.03007
221.986  2.75036
223.2842  2.491047
224.5823  2.522039
225.8805  2.501176
227.1787  1.948996
228.4768  2.646857
229.775  0.9409954
231.0732  3.738489
232.3713  3.952567
233.6695  2.81087
234.9677  2.13509
236.2658  1.549506
237.564  2.106579
238.8621  2.951661
240.1603  2.149699
241.4585  2.003108
242.7566  2.588647
244.0548  2.103011
245.353  2.328719
246.6511  2.950054
247.9493  3.024472
249.2475  1.474548
250.5456  1.483411
251.8438  2.933478
253.1419  1.961467
254.4401  1.602524
255.7383  1.199127
257.0364  2.343026
258.3346  1.593446
259.6328  3.081375
260.9309  3.761326
262.2291  2.730061
263.5273  1.837878
264.8254  2.091146
266.1236  1.222657
267.4218  2.498961
268.7199  2.745355
270.0181  0.3927125
271.3162  1.02101
272.6144  0.7879853
273.9126  0.5698508
275.2107  2.501949
276.5089  2.446273
277.8071  2.885496
279.1052  1.360169
280.4034  1.679625
281.7016  1.833244
282.9997  1.542692
284.2979  1.034081
285.596  1.057612
286.8942  2.209309
288.1924  2.221473
289.4905  2.005342
290.7887  1.625404
292.0869  2.353635
293.385  2.094476
294.6832  1.731276
295.9814  1.355845
297.2795  2.98419
298.5777  1.261098
299.8758  2.252903
301.174  2.90114
302.4722  2.349024
303.7703  1.755374
305.0685  0.8065325
306.3667  1.944984
307.6648  1.494961
308.963  1.593929
310.2612  1.720926
311.5593  1.06504
312.8575  2.102448
314.1556  2.326963
315.4538  2.436709
316.752  1.394168
318.0501  0.6868404
319.3483  2.390792
320.6465  2.856309
321.9446  1.283025
323.2428  1.200677
324.541  0.872948
325.8391  1.377438
327.1373  0.9443005
328.4355  2.944449
329.7336  1.972271
331.0318  1.796604
332.3299  2.268954
333.6281  1.52535
334.9263  0.7678081
336.2244  1.2344
337.5226  1.630045
338.8208  2.977033
340.1189  2.898875
341.4171  1.040069
342.7153  2.042013
344.0134  1.772579
345.3116  1.202898
346.6097  1.217816
347.9079  1.366191
349.2061  1.838845
350.5042  4.220938
351.8024  1.59167
353.1006  1.407735
354.3987  1.614353
355.6969  1.858378
356.9951  1.991628
358.2932  1.21515
359.5914  1.424516
360.8895  1.742229
362.1877  1.676955
363.4859  1.382409
364.784  1.983683
366.0822  4.529798
367.3804  1.716617
368.6785  2.802028
369.9767  2.94729
371.2749  1.45801
372.573  3.683217
373.8712  1.61651
375.1694  2.470982
376.4675  1.221752
377.7657  2.849703
379.0638  2.897509
380.362  1.551559
381.6602  2.127943
382.9583  1.654418
384.2565  4.280901
385.5547  2.773356
386.8528  1.345029
388.151  2.715527
389.4492  1.554515
390.7473  2.657068
392.0455  0.9568878
393.3436  1.56415
394.6418  3.15333
395.94  1.244899
397.2381  3.516794
398.5363  2.466776
399.8345  1.972117
401.1326  1.285935
402.4308  1.650021
403.729  2.877719
405.0271  3.329176
406.3253  3.13726
407.6234  2.372538
408.9216  1.287045
410.2198  0.9284156
411.5179  2.512451
412.8161  2.900151
414.1143  1.498177
415.4124  2.189076
416.7106  1.765561
418.0088  2.840585
419.3069  3.994521
420.6051  3.002092
421.9032  3.956395
423.2014  2.996523
424.4996  4.125048
425.7977  2.236089
427.0959  4.833568
428.3941  6.567285
429.6922  6.051429
430.9904  4.567543
432.2886  5.540259
433.5867  7.165919
434.8849  13.96961
436.1831  41.96077
437.4812  165.2655
438.7794  544.5011
440.0775  1319.797
441.3757  2404.175
442.6739  3226.198
443.972  3402.724
445.2702  2787.579
446.5684  1751.468
447.8665  937.4795
449.1647  399.2479
450.4629  147.8488
451.761  56.2184
453.0592  17.2592
454.3573  10.98079
455.6555  9.105008
456.9537  6.460438
458.2518  6.132994
459.55  4.832568
460.8482  5.134002
462.1463  5.640868
463.4445  4.316889
464.7427  4.63132
466.0408  4.162894
467.339  3.354821
468.6371  3.335115
469.9353  2.595991
471.2335  2.681171
472.5316  2.360936
473.8298  2.060565
475.128  3.559104
476.4261  1.787152
477.7243  2.734119
479.0225  3.147332
480.3206  1.905166
481.6188  2.221095
482.9169  1.847888
484.2151  2.182517
485.5133  1.762284
486.8114  3.319694
488.1096  2.585512
489.4078  2.318817
490.7059  0.9888458
492.0041  0.9352667
493.3023  2.583676
494.6004  1.464499
495.8986  2.682408
497.1968  2.726443
498.4949  1.536785
499.7931  0.8405853
501.0912  1.468057
502.3894  2.073889
503.6876  1.813948
504.9857  2.053404
506.2839  3.136466
507.5821  2.050482
508.8802  3.236879
510.1784  2.014213
511.4766  2.291219
512.7747  1.902872
514.0729  1.047045
515.371  1.95057
516.6692  2.243152
517.9674  2.463567
519.2655  3.911868
520.5637  2.743723
521.8619  1.7579
523.16  1.1228
524.4582  0.7166083
525.7564  1.636246
527.0545  0.9902572
528.3527  0.9888747
529.6508  0.6160237
530.949  1.057177
532.2472  1.803971
533.5453  0.8896607
534.8435  2.002977
536.1417  2.012734
537.4398  1.144958
538.738  2.827238
540.0362  2.210954
541.3343  1.863492
542.6325  1.632705
543.9306  0.5675104
545.2288  2.053579
546.527  1.395067
547.8251  2.634081
549.1233  1.428097
550.4215  0.9087657
551.7196  1.367979
553.0178  2.216138
554.316  1.987039
555.6141  2.313756
556.9123  3.182654
558.2105  1.505127
559.5086  0.6584684
560.8068  0.8893124
562.1049  2.491445
563.4031  2.62096
564.7013  2.978033
565.9994  1.984889
567.2976  2.137093
568.5958  2.071882
569.8939  2.825517
571.1921  2.710113
572.4903  1.49528
573.7884  1.540391
575.0866  2.856836
576.3847  3.009702
577.6829  1.628785
578.9811  1.547509
580.2792  1.969845
581.5774  1.672448
582.8756  2.793022
584.1737  1.834865
585.4719  4.108303
586.7701  1.513693
588.0682  3.287448
589.3664  2.096069
590.6645  1.635968
591.9627  1.466214
593.2609  1.959442
594.559  1.455284
595.8572  0.5271711
597.1554  1.970473
598.4535  2.389282
599.7517  1.259932
601.0499  1.718459
602.348  1.551751
603.6462  2.184166
604.9444  1.035177
606.2425  2.51556
607.5407  1.884384
608.8388  2.627544
610.137  1.91162
611.4352  2.865921
612.7333  1.644127
614.0315  1.40417
615.3297  2.209183
616.6278  0.958605
617.926  1.742491
619.2242  1.935352
620.5223  1.356652
621.8205  2.12886
623.1186  1.840772
624.4168  1.942229
625.715  1.852267
627.0131  1.702539
628.3113  0.8107702
629.6095  1.670028
630.9076  2.687149
632.2058  1.816243
633.504  2.150387
634.8021  1.493325
636.1003  0.7377123
637.3984  0.6204766
638.6966  1.241608
639.9948  1.209792
641.2929  2.369104
642.5911  1.634137
643.8893  1.398956
645.1874  1.629882
646.4856  2.325261
647.7838  2.29644
649.0819  1.390101
650.3801  1.861547
651.6782  2.643867
652.9764  0.5235584
654.2746  2.04366
655.5727  1.586018
656.8709  1.473047
658.1691  1.272349
659.4672  1.235939
660.7654  0.7394433
662.0636  2.076745
663.3617  0.7551607
664.6599  1.789217
665.9581  1.67041
667.2562  1.65293
668.5544  1.469039
669.8525  1.899546
671.1507  2.78987
672.4489  1.826705
673.747  1.682221
675.0452  1.740957
676.3434  1.94789
677.6415  1.577795
678.9397  1.747792
680.2379  3.733533
681.536  0.7753204
682.8342  2.086888
684.1323  1.735701
685.4305  2.091526
686.7287  1.608574
688.0268  2.275801
689.325  0.5321614
690.6232  2.017314
691.9213  1.558525
693.2195  1.954756
694.5177  0.8537774
695.8158  2.343018
697.114  1.537283
698.4121  2.2768
699.7103  0.3150873
701.0085  0.09870676
702.3066  1.220031
703.6048  1.066336
704.903  2.488111
706.2011  2.888307
707.4993  1.652166
708.7975  0.8883622
710.0956  0.9948716
711.3938  2.160045
712.6919  0.8574276
713.9901  2.029141
715.2883  1.012187
716.5864  1.630618
717.8846  1.088537
719.1828  0.7186324
720.4809  1.548575
721.7791  1.731509
723.0773  1.276032
724.3754  2.086661
725.6736  2.776083
726.9718  2.256153
728.2699  1.154507
729.5681  3.227347
730.8662  2.244909
732.1644  1.473597
733.4626  2.176457
734.7607  1.825503
736.0589  2.488412
737.3571  1.935337
738.6552  3.251148
739.9534  2.886706
741.2516  1.856618
742.5497  0.605197
743.8479  0.1161975
745.146  1.467475
746.4442  1.990371
747.7424  1.761698
749.0405  2.341253
750.3387  2.516841
751.6369  1.248134
752.935  1.455724
754.2332  1.063753
755.5314  3.382639
756.8295  2.096203
758.1277  1.103123
759.4258  2.562284
760.724  1.66295
762.0222  1.493788
763.3203  1.274611
764.6185  1.635556
765.9167  3.038188
767.2148  2.162099
768.513  1.984128
769.8112  1.696208
771.1093  1.390822
772.4075  0.8405853
773.7056  1.487422
775.0038  1.068943
776.302  1.033652
777.6001  1.350561
778.8983  1.328444
780.1965  2.464633
781.4946  2.822732
782.7928  1.572899
784.091  3.11017
785.3891  1.962654
786.6873  1.806848
787.9855  2.011127
789.2836  1.724425
790.5818  1.549447
791.8799  3.892968
793.1781  2.514465
794.4763  2.759002
795.7744  1.721756
797.0726  1.690149
798.3708  1.077483
799.6689  1.458726
800.9671  1.665832
802.2653  1.379807
803.5634  1.164427
804.8616  2.469645
806.1597  1.345909
807.4579  1.844588
808.7561  3.516451
810.0542  3.04004
811.3524  1.913814
812.6506  3.219819
813.9487  1.936005
815.2469  2.190697
816.5451  2.510292
817.8432  2.505506
819.1414  1.732036
820.4395  2.572849
821.7377  1.258668
823.0359  0.9784531
824.334  1.60914
825.6322  1.412764
826.9304  1.905082
828.2285  2.067125
829.5267  1.406333
830.8249  0.7709593
832.123  2.06093
833.4212  2.745352
834.7194  2.042304
836.0175  1.897605
837.3157  2.111539
838.6138  1.633432
839.912  2.644889
841.2102  1.738669
842.5083  1.55295
843.8065  1.414082
845.1047  1.328547
846.4028  1.207963
847.701  2.23658
848.9992  2.199684
850.2973  0.7273667
851.5955  1.144828
852.8936  1.769961
854.1918  2.594985
855.49  2.353229
856.7881  1.418811
858.0863  1.246138
859.3845  1.067686
860.6826  1.387555
861.9808  2.848588
863.279  1.551894
864.5771  1.632398
865.8753  1.716808
867.1734  1.93677
868.4716  1.648572
869.7698  1.329256
871.0679  2.231224
872.3661  0.7727044
873.6643  0.6130255
874.9624  0.5947331
876.2606  0.7065447
877.5588  1.134853
878.8569  1.308336
880.1551  0.2692168
881.4532  0.6714629
882.7514  0.4803582
884.0496  1.139347
885.3477  0.02069617
886.6459  0.1216132
887.9441  0.05728094
889.2422  0
890.5404  0
891.8386  0
893.1367  0
894.4349  0
895.7331  0
897.0312  0
