1.380344110778295164e-01 1.000004330257619589e+00 1.276115613839822437e-02 nan
1.840458753583155971e-01 1.000004330257619589e+00 1.223743753213474110e-02 nan
2.300573346164989375e-01 1.000004330257619367e+00 1.479219907343635662e-02 nan
2.760687873225067812e-01 1.000004330257619589e+00 1.918277516078946074e-02 nan
3.220802323853411142e-01 1.000004330257619589e+00 4.721193323021070920e-02 nan
3.680916684945662598e-01 1.000004330257619145e+00 3.008151886029270528e-01 nan
4.141030942300277240e-01 1.000004330257619367e+00 8.500208107819832160e-01 nan
4.601145085007266600e-01 1.000004330257619145e+00 9.851482271364756516e-01 nan
5.061259097767893955e-01 1.000004330257619367e+00 9.832724186522886489e-01 nan
5.521372970769348187e-01 1.000004330257619145e+00 9.831574040941887249e-01 nan
5.981486687615702458e-01 1.000004330257619367e+00 9.839653561987433683e-01 nan
6.441600238494140651e-01 1.000004330257616481e+00 9.880369272903184452e-01 nan
6.901713609203096178e-01 1.000004327386427638e+00 9.876609177228533598e-01 nan
7.361826786638187015e-01 9.711978376934372603e-01 1.000000000000000000e+00 nan
7.821939758792206820e-01 7.180418310859102426e-01 9.962481975446725313e-01 nan
8.282052512560765800e-01 3.320823068931024191e-01 9.926352136585802066e-01 nan
8.742165034839464166e-01 2.490759370426550157e-01 9.841134333625823905e-01 nan
9.202277312523894359e-01 8.386344432005511662e-02 9.895982606164159812e-01 nan
9.662389333606831165e-01 5.918497976472692629e-02 9.900586955914562060e-01 nan
1.012250108388667025e+00 9.407903079451922224e-02 9.976077900681220578e-01 nan
1.058261255135617418e+00 8.800478618358345551e-02 9.906725087522214590e-01 nan
1.104272372071653407e+00 6.448628597094659132e-02 9.856317410372869015e-01 nan
1.150283458983518692e+00 4.578003572706922097e-02 9.876972381096217335e-01 nan
1.196294512585830860e+00 3.496332381310728044e-02 9.766907628885351800e-01 nan
1.242305534091675989e+00 2.959946871372052396e-02 9.936704640498784658e-01 nan
1.288316520325388348e+00 2.711749674478971389e-02 9.947377963623044161e-01 nan
1.334327470305676888e+00 2.559757634457351938e-02 9.790440966630479247e-01 nan
1.380338383051249673e+00 2.361458598411004042e-02 9.633801869229200454e-01 nan
1.426349256483626204e+00 2.023866914456083632e-02 8.312521374306769406e-01 nan
1.472360091815888339e+00 1.525949741088999077e-02 5.666809977303921553e-01 nan
1.518370884775177787e+00 9.394729799925468847e-03 3.457268580282450987e-01 nan
1.564381635477385846e+00 4.163767594841572342e-03 2.433027687243300707e-01 nan
1.610392341844028019e+00 1.226572503215773947e-03 1.932868770962950511e-01 nan
1.656403003990994938e+00 1.378055213134986865e-03 1.477986294186614258e-01 nan
1.702413619839798331e+00 3.854238431765898056e-03 1.240166843970561816e-01 nan
1.748424188409139157e+00 6.613963937042867391e-03 1.019553681873441170e-01 nan
1.794434707620526703e+00 7.578894726832454548e-03 8.486166481398148276e-02 nan
1.840445177589847159e+00 6.018866247711068124e-03 7.396533904563749873e-02 nan
1.886455595141419028e+00 3.067875365971453952e-03 6.277721121460805298e-02 nan
1.932465960391125837e+00 8.692061095028863309e-04 5.591712464565910118e-02 nan
1.978476271260472430e+00 8.506780438088311315e-04 4.738835364368993580e-02 nan
2.024486526768151329e+00 2.537809975819743397e-03 4.412172220210514029e-02 nan
2.070496725932852389e+00 4.050450775353549304e-03 3.982536464107540308e-02 nan
2.116506867773266798e+00 3.864533485930457622e-03 3.454915054808502944e-02 nan
2.162516950210891853e+00 2.181464859970858126e-03 3.038195611723070247e-02 nan
2.208526971167223518e+00 6.287027833964673514e-04 2.707500722252583619e-02 nan
2.254536931855327886e+00 5.809288944806414437e-04 2.475546728503597374e-02 nan
2.300546829099508805e+00 1.784447970560784288e-03 2.210916857554430515e-02 nan
2.346556661918447251e+00 2.730194928322771108e-03 2.070161450189668059e-02 nan
2.392566429330823752e+00 2.331535161887331696e-03 1.967871004013982406e-02 nan
2.438576129258127168e+00 1.052079426666799799e-03 1.722378276915167983e-02 nan
2.484585761816225258e+00 2.917832031804167134e-04 1.634481006635053052e-02 nan
2.530595323829411214e+00 7.629849696627906798e-04 1.490567906202515565e-02 nan
2.576604816510740470e+00 1.726263982344340654e-03 1.371192850240119700e-02 nan
2.622614236684503108e+00 1.944253236061206560e-03 1.317218061060192527e-02 nan
2.668623583369369889e+00 1.157093264571589127e-03 1.171968390895767112e-02 nan
2.714632855584008908e+00 3.218097928110672250e-04 1.053004267079222026e-02 nan
2.760642052347086484e+00 3.877884250551716914e-04 1.058488277169837566e-02 nan
2.806651171580075488e+00 1.142275997976022455e-03 1.052346818334485429e-02 nan
2.852660212301638243e+00 1.545695472320362867e-03 9.194028736360838547e-03 nan
2.898669173530436183e+00 1.072950169398864109e-03 8.638054204013336651e-03 nan
2.944678053187935518e+00 3.380417891761185764e-04 8.197513900654674127e-03 nan
2.990686851389984913e+00 2.516326100209885898e-04 7.191209123441000099e-03 nan
3.036695566058047469e+00 8.389309662296893502e-04 7.338249053554095867e-03 nan
3.082704195113582735e+00 1.256000085311275143e-03 6.299753215221591367e-03 nan
3.128712738672433602e+00 9.345898717461613610e-04 6.857510059756799156e-03 nan
3.174721194656056511e+00 3.107835865620902087e-04 5.980348075715931702e-03 nan
3.220729560985902129e+00 1.997407844387980253e-04 5.373531056843564545e-03 nan
3.266737838875004574e+00 6.917753664104400171e-04 5.621776383043982153e-03 nan
3.312746024050422733e+00 1.064607280081166993e-03 5.886843871632272546e-03 nan
3.358754117725184063e+00 7.949636970446154801e-04 4.966535321335732549e-03 nan
3.404762116723536902e+00 2.595146688214965266e-04 5.084339971530003367e-03 nan
3.450770021161312151e+00 1.843051344156057395e-04 5.454563095976446355e-03 nan
3.496777828959946266e+00 6.321560160091748174e-04 4.352654171614490052e-03 nan
3.542785539138070483e+00 9.398978904628969714e-04 4.035735728784272877e-03 nan
3.588793150714312041e+00 6.665734391896818581e-04 3.824115524892171721e-03 nan
3.634800661610100736e+00 2.020087308323059087e-04 3.104014991602292457e-03 nan
3.680808070844060698e+00 1.941516886600864133e-04 3.935206002206767875e-03 nan
3.726815377434811616e+00 6.253183156837281058e-04 3.725593843243728016e-03 nan
3.772822579303773516e+00 8.547854761238873281e-04 2.953947421844600654e-03 nan
3.818829676566759979e+00 5.484859746667358066e-04 3.280617410826668686e-03 nan
3.864836667145186588e+00 1.507529146553477815e-04 3.343590926057126399e-03 nan
3.910843548960466709e+00 2.298226196103213801e-04 2.857917369138320354e-03 nan
3.956850322128402819e+00 6.527255341628480098e-04 3.017332860111739817e-03 nan
4.002856984570406063e+00 7.891855224975296993e-04 2.926490105376290066e-03 nan
4.048863534207876924e+00 4.376591478139230129e-04 2.203618208849452559e-03 nan
4.094869972253810886e+00 1.162322343410839942e-04 2.587177824850801777e-03 nan
4.140876294435209992e+00 2.955232723745379727e-04 2.296740096365473566e-03 nan
4.186882501965064840e+00 7.027467956187894620e-04 2.414033075473120266e-03 nan
4.232888592764767921e+00 7.283963024496243428e-04 2.377215519325366795e-03 nan
4.278894564755708174e+00 3.334160417217035192e-04 2.471048736439919024e-03 nan
4.324900416956469762e+00 1.098094115068726229e-04 2.039485655735749289e-03 nan
4.370906148385633294e+00 3.966780496630913739e-04 2.615335292444319077e-03 nan
4.416911758061779381e+00 7.663296625332773190e-04 1.958541801227495216e-03 nan
4.462917243906281861e+00 6.618403712191352033e-04 2.183753451820407126e-03 nan
4.508922604937715128e+00 2.397203458386409165e-04 2.266300819743017995e-03 nan
4.554927840174648246e+00 1.460055303600583292e-04 1.922894166764991001e-03 nan
4.600932948635646724e+00 5.396544010949271084e-04 1.506892461896712629e-03 nan
4.646937927144874081e+00 8.353418442182318580e-04 1.876462928087434560e-03 nan
4.692942776915290715e+00 5.828885249229171384e-04 1.873591235711620333e-03 nan
4.738947495868252702e+00 1.674953315615468894e-04 1.619180611164819936e-03 nan
4.784952081925112566e+00 2.455418579934089043e-04 1.487486350204229001e-03 nan
4.830956534104418942e+00 7.332873630689188977e-04 1.317497999923133599e-03 nan
4.876960851424720467e+00 9.025911276104905392e-04 1.463257272417776847e-03 nan
4.922965031807358116e+00 4.899696872915401246e-04 1.542448549006994246e-03 nan
4.968969075368073973e+00 1.392072188317706267e-04 1.569583577233978327e-03 nan
5.014972980028201022e+00 4.422207149184118015e-04 1.067890127607966236e-03 nan
5.060976744806273686e+00 9.939592502606273139e-04 1.461804241950798730e-03 nan
5.106980367623620509e+00 9.635236960441659728e-04 1.188014737681302802e-03 nan
5.152983847498764369e+00 3.901328847894473947e-04 1.226471150495558968e-03 nan
5.198987184547433138e+00 2.014965144146133470e-04 1.523893345845662127e-03 nan
5.244990375593738818e+00 8.028214607384839352e-04 1.269763294500559280e-03 nan
5.290993419656194519e+00 1.360853301718093194e-03 9.874825753450353159e-04 nan
5.336996316850519229e+00 1.021383024231229926e-03 1.299670473396557146e-03 nan
5.382999064000809852e+00 3.110456934926108586e-04 1.051576187048127451e-03 nan
5.429001661222775610e+00 4.688392516015536934e-04 1.187520778823757074e-03 nan
5.475004106437713958e+00 1.496872638440372837e-03 1.333972452816433981e-03 nan
5.521006398664119352e+00 1.949632226673229853e-03 1.240199269575052157e-03 nan
5.567008536920487138e+00 1.106198491186180998e-03 8.740956903351257325e-04 nan
5.613010519128097897e+00 3.566175765660358995e-04 1.030650832480568997e-03 nan
5.659012345402644861e+00 1.326804507112564835e-03 7.871766150143654980e-04 nan
5.705014012568197401e+00 3.131835779522482936e-03 5.870271845945122585e-04 nan
5.751015520740436315e+00 3.224612438776568862e-03 8.695404513619429650e-04 nan
5.797016867840630638e+00 1.397055140561897319e-03 9.021385711442829382e-04 nan
5.843018053984458504e+00 1.152700136335167540e-03 6.834360668912007426e-04 nan
5.889019075995967967e+00 5.122599252605977184e-03 8.836671317612249587e-04 nan
5.935019932893620620e+00 9.935873467796634342e-03 7.989781807278905452e-04 nan
5.981020624793081275e+00 9.317711686521672199e-03 8.250942687686598463e-04 nan
6.027021149615597650e+00 5.847506507883105942e-03 6.528292114592228060e-04 nan
6.073021506379617129e+00 2.707862770290905829e-02 7.672684354007213228e-04 nan
6.119021691909161120e+00 1.412658222988320833e-01 6.728686273081860509e-04 nan
6.165021707417095875e+00 3.917643764560980180e-01 6.941159304274461660e-04 nan
6.211021550824648685e+00 5.849316958900189212e-01 5.499402650026679858e-04 nan
6.257021221150246504e+00 2.486220425215164009e-01 4.906198849275372536e-04 nan
6.303020715217899195e+00 7.693954810191076799e-02 7.964573520123586960e-04 nan
6.349020034240451693e+00 3.692183735927757199e-02 7.633648890861048598e-04 nan
6.395019175041896986e+00 1.381247440021481955e-02 6.133781044435852176e-04 nan
6.441018137737867022e+00 2.850194234562598416e-03 7.351360394122183383e-04 nan
6.487016920249556229e+00 1.870901850024533951e-03 6.741391215284492280e-04 nan
6.533015521595372910e+00 3.510136624037114590e-03 7.640665833473915362e-04 nan
6.579013940793715598e+00 3.084165140730800100e-03 7.302340399010425007e-04 nan
6.625012175765769840e+00 1.227043857537485827e-03 6.776820019960309253e-04 nan
6.671010225529927062e+00 3.067672155550258133e-04 5.994856266169602214e-04 nan
6.717008088007358602e+00 7.322449259112120187e-04 5.222662676007158548e-04 nan
6.763005764410880083e+00 1.159993471055498215e-03 6.891354253381333202e-04 nan
6.809003250467223545e+00 8.039893693976917595e-04 5.166819547742919176e-04 nan
6.855000547389193954e+00 2.321226743120578220e-04 4.690077360704291267e-04 nan
6.900997652000727456e+00 1.603751186450754352e-04 5.083260040304686924e-04 nan
6.946994563320185279e+00 4.377664977901930951e-04 4.343159529330928997e-04 nan
6.992991281463152298e+00 4.980017893551210665e-04 6.258367545841701622e-04 nan
7.038987804350758992e+00 2.470793640156911629e-04 5.991353771048690217e-04 nan
7.084984129904138506e+00 6.317454512373455204e-05 4.346883164394223773e-04 nan
7.130980257141636969e+00 1.444098553333458910e-04 4.034429301569850222e-04 nan
7.176976185081590742e+00 2.722371009583946281e-04 4.816726692252830920e-04 nan
7.222971913839562497e+00 2.192194483747064932e-04 3.775738787885699879e-04 nan
7.268967439142213216e+00 7.429307889639354329e-05 4.090347576456496289e-04 nan
7.314962762202315893e+00 4.356722513038273153e-05 4.562680310389404773e-04 nan
7.360957880940967257e+00 1.268577541069962171e-04 4.936121804324901732e-04 nan
7.406952793279260483e+00 1.608420344960683444e-04 4.675859650363761852e-04 nan
7.452947499332728931e+00 8.986650389732353539e-05 4.034379936746504088e-04 nan
7.498941997022455119e+00 2.536936570535328913e-05 4.684403190542541342e-04 nan
7.544936284269516236e+00 4.939963963751297179e-05 5.655865596946808762e-04 nan
7.590930362286650634e+00 9.909752068515425725e-05 4.268762276436555234e-04 nan
7.636924226800481996e+00 8.646753414440319814e-05 4.089880173739479240e-04 nan
7.682917877926515260e+00 3.326178273324975583e-05 3.797840033224051033e-04 nan
7.728911314683023726e+00 1.879239257113841715e-05 4.870926219733291815e-04 nan
7.774904536088291351e+00 5.138281487234536512e-05 3.436275575117282385e-04 nan
7.820897540063355358e+00 6.809889634369328999e-05 4.535288147322934834e-04 nan
7.866890324529251188e+00 4.113996625631222690e-05 4.219915838094836450e-04 nan
7.912882889601462466e+00 1.365344765699585122e-05 3.823298046612552074e-04 nan
7.958875234298247392e+00 2.297188395533901451e-05 3.853082702944439497e-04 nan
8.004867355443391119e+00 4.513954023225695572e-05 3.690136372402347134e-04 nan
8.050859253152363948e+00 4.094157670140454673e-05 4.862280624011367284e-04 nan
8.096850926443401875e+00 1.772332594735951593e-05 3.359996155485574579e-04 nan
8.142842373237504816e+00 1.090888246840752979e-05 3.219168964447875411e-04 nan
8.188833592552898111e+00 2.571920844209800265e-05 4.072345191201215886e-04 nan
8.234824582310571017e+00 3.381006286013832856e-05 2.637116623818725738e-04 nan
8.280815342625965414e+00 2.161886140284347306e-05 3.364079373427218797e-04 nan
8.326805871420056349e+00 8.865438057424411100e-06 3.772654827656994874e-04 nan
8.372796167711046067e+00 1.336558824704003567e-05 2.750631111649656660e-04 nan
8.418786229419898959e+00 2.395950958401939614e-05 2.817402940410943663e-04 nan
8.464776056662039139e+00 2.189693786916014300e-05 3.922591172051211506e-04 nan
8.510765646261178929e+00 1.078309254018455554e-05 2.915788269179764953e-04 nan
8.556754999429969644e+00 7.771401970262625092e-06 3.027700766541853894e-04 nan
8.602744111894876866e+00 1.513074430310064797e-05 3.850095224775297326e-04 nan
8.648732984868541251e+00 1.886652942291272111e-05 3.802129731870006559e-04 nan
8.694721616271882780e+00 1.268813990777340179e-05 4.743362901220648338e-04 nan
8.740710004025823210e+00 6.647057000463610925e-06 3.535070461742252255e-04 nan
8.786698148245745799e+00 9.217684282050730721e-06 3.092264659337859217e-04 nan
8.832686046852558093e+00 1.435627559975652852e-05 2.596021476708103119e-04 nan
8.878673698864394837e+00 1.294957179572337369e-05 2.997755604088986575e-04 nan
8.924661102202147589e+00 7.428285996910802789e-06 2.791609481854245216e-04 nan
8.970648255883940436e+00 6.337835953968670257e-06 3.787195074516243581e-04 nan
9.016635158927892135e+00 1.013573448699648191e-05 2.790580579509874303e-04 nan
9.062621810352116114e+00 1.162406237387347732e-05 2.746866813674884783e-04 nan
9.108608208077471957e+00 8.291915263163452120e-06 3.160790884056578830e-04 nan
9.154594352219305620e+00 5.571472355737306314e-06 3.047833482772251330e-04 nan
9.200580239601224619e+00 7.180457812519094792e-06 2.115436199233035992e-04 nan
9.246565870338555371e+00 9.534167020618436044e-06 3.662569665224997008e-04 nan
9.292551242352137919e+00 8.435653168388500899e-06 2.785749762614030101e-04 nan
9.338536354660046612e+00 5.764835043941986626e-06 3.078617942627971194e-04 nan
9.384521206280345140e+00 5.620226109517159084e-06 3.143866568500847353e-04 nan
9.430505795133857561e+00 7.522485294350800169e-06 2.883009505073262364e-04 nan
9.476490121335874761e+00 7.855473667839074105e-06 2.749424061955017384e-04 nan
9.522474181709958074e+00 6.061805490916645014e-06 2.415083047005432313e-04 nan
9.568457976371391283e+00 5.058962122280392258e-06 2.063118717568389814e-04 nan
9.614441503240966469e+00 6.067071248310820221e-06 2.988894772501038475e-04 nan
9.660424762433956758e+00 6.928036887601949120e-06 2.809925368904857192e-04 nan
9.706407750773889731e+00 6.081245171282701444e-06 3.045704948979340953e-04 nan
9.752390468376026078e+00 4.968237015558594772e-06 2.965924682753115754e-04 nan
9.798372913161125908e+00 5.235369501463169578e-06 2.227578376924852247e-04 nan
9.844355084147190738e+00 6.042471693700472401e-06 2.997825754101109542e-04 nan
9.890336980352214979e+00 5.825365326188665534e-06 2.862937955162700096e-04 nan
9.936318599696935649e+00 4.962465364130983968e-06 2.535096507349909726e-04 nan
9.982299941199331172e+00 4.841213424952612121e-06 2.959442410721627452e-04 nan
1.002828100387737820e+01 5.404399154764345996e-06 3.330825190283561083e-04 nan
1.007426178674904271e+01 5.470954896614818523e-06 2.643079672160835131e-04 nan
1.012024228773503332e+01 4.891430439961058264e-06 2.979988347953633717e-04 nan
1.016622250585329823e+01 4.649954484951800769e-06 3.511350618640226174e-04 nan
1.021220243902453362e+01 5.019228043573400993e-06 2.604915749197551510e-04 nan
1.025818208846118651e+01 5.180107438210638299e-06 2.595683051767432568e-04 nan
1.030416144988942229e+01 4.784666866800435960e-06 2.040554199038358745e-04 nan
1.035014052342442348e+01 4.520433324572319120e-06 2.918786652473036682e-04 nan
1.039611930808410278e+01 4.788276521560760612e-06 2.731371355597958213e-04 nan
1.044209780288637468e+01 5.007534412782161041e-06 2.073370318575456107e-04 nan
1.048807600465462819e+01 4.730550535908631618e-06 2.489268489773692082e-04 nan
1.053405391460127483e+01 4.440732676860627879e-06 2.169767530281520047e-04 nan
1.058003152845242667e+01 4.629472700521616404e-06 2.002516700521441719e-04 nan
1.062600884851773841e+01 4.914809449969339225e-06 2.048619613978579191e-04 nan
1.067198587052330971e+01 4.773039808844332886e-06 2.420764206209095805e-04 nan
1.071796259458426981e+01 4.475327334153161772e-06 2.721578558567610889e-04 nan
1.076393901862121005e+01 4.553622302417301496e-06 2.581315538524398077e-04 nan
1.080991514165198630e+01 4.854152748333793823e-06 2.758737157773323090e-04 nan
1.085589096379170648e+01 4.878203456324448330e-06 1.901167347476894148e-04 nan
1.090186648076641518e+01 4.676130417009667731e-06 1.499904567517033730e-04 nan
1.094784169488573333e+01 4.667314157366803999e-06 2.000169746965636038e-04 nan
1.099381660626475465e+01 4.867203340464557344e-06 2.428963637026447834e-04 nan
1.103979119855956625e+01 4.983558025075582987e-06 1.692044103280006641e-04 nan
1.108576548944149742e+01 5.016026312980118413e-06 1.752805363761028644e-04 nan
1.113173947902562766e+01 5.114360334148181643e-06 1.896613415343612161e-04 nan
1.117771314548166117e+01 5.156961049646996352e-06 1.964537385667519708e-04 nan
1.122368649989732248e+01 5.117325362370155517e-06 2.601861855161536870e-04 nan
1.126965955336035918e+01 5.390904861529274549e-06 2.621835321079755000e-04 nan
1.131563227306771502e+01 5.996446325300987335e-06 3.213943512964426391e-04 nan
1.136160469205252177e+01 6.128675542447335761e-06 3.080942280531641028e-04 nan
1.140757678848440015e+01 5.584853776044264801e-06 2.317289703399170607e-04 nan
1.145354856247835507e+01 5.729219496629810208e-06 2.478386837731814756e-04 nan
1.149952002512211990e+01 7.331930016631153565e-06 2.217655543777525954e-04 nan
1.154549115458524255e+01 8.468824037698741169e-06 2.454474543040403877e-04 nan
1.159146197292818314e+01 7.323634407446580803e-06 2.545953214059014434e-04 nan
1.163743245832044870e+01 6.315998889396668769e-06 1.967434255678548376e-04 nan
1.168340262184976375e+01 9.163594714879104064e-06 2.320292832584713090e-04 nan
1.172937246363110475e+01 1.356494103184032763e-05 2.826633505628592868e-04 nan
1.177534197280667527e+01 1.305454504861509166e-05 3.393578331038131328e-04 nan
1.182131114949142692e+01 8.969696058586708128e-06 2.412876067318583809e-04 nan
1.186727999380030418e+01 1.237679934269737765e-05 3.044564000090002479e-04 nan
1.191324851682104402e+01 2.612745989029917809e-05 2.539688074919212342e-04 nan
1.195921669672299359e+01 3.391192824798025871e-05 3.135815496184005471e-04 nan
1.200518455556668229e+01 2.510083784430103883e-05 3.448049326218985324e-04 nan
1.205115207152142709e+01 2.809577954537959043e-05 2.754636039009405275e-04 nan
1.209711924470212807e+01 8.843381045600405056e-05 2.875137815946798023e-04 nan
1.214308608619650798e+01 1.939275312714287749e-04 3.198873545540468566e-04 nan
1.218905258514663892e+01 2.985436829276739566e-04 2.613767080125983778e-04 nan
1.223501874166740855e+01 8.155634592876117922e-04 2.841028986132999802e-04 nan
1.228098456684654849e+01 3.109269804201111095e-03 3.621145864519922431e-04 nan
1.232695003885323359e+01 5.766416732915257901e-03 2.216127457434749666e-04 nan
1.237291516877518127e+01 6.645909516186898104e-03 2.956100934251436221e-04 nan
1.241887995672725964e+01 4.219326284776282222e-03 3.367900495640865108e-04 nan
1.246484439185143778e+01 1.382680764741439942e-03 2.912266985739194749e-04 nan
1.251080848523544198e+01 5.167577567062712780e-04 2.323224032325872971e-04 nan
1.255677222602122711e+01 3.114650171611693772e-04 2.417632500839774076e-04 nan
1.260273561432361333e+01 1.305325620839471658e-04 2.743145388480081005e-04 nan
1.264869865025741902e+01 4.063986796400609667e-05 3.524575097375065211e-04 nan
1.269466133393745721e+01 4.434954535352367050e-05 4.072347123726773651e-04 nan
1.274062365450560286e+01 5.943874660172844809e-05 4.138835392635784884e-04 nan
1.278658563402251502e+01 4.207555390626519442e-05 3.619638130710947491e-04 nan
1.283254723968417466e+01 1.688322651444035022e-05 4.200052683664195693e-04 nan
1.287850850452418783e+01 1.436628090414305303e-05 5.140695458691342101e-04 nan
1.292446939573848397e+01 2.549100499484568667e-05 3.925076395480993222e-04 nan
1.297042993538773281e+01 2.574489778676888061e-05 4.506527188163250469e-04 nan
1.301639010164076282e+01 1.416766048719898946e-05 4.270772901764264434e-04 nan
1.306234991655826327e+01 8.319437316952544209e-06 3.779004312329607685e-04 nan
1.310830935830902000e+01 1.364019729610312690e-05 4.103091073764314543e-04 nan
1.315426842700774657e+01 1.788679896540318001e-05 4.140245683669277195e-04 nan
1.320022714471516423e+01 1.325195966831473727e-05 4.588147220939198571e-04 nan
1.324618547862698037e+01 7.314051378573177461e-06 5.715468599011352480e-04 nan
1.329214345080391801e+01 8.480331771543865550e-06 5.388410329922962592e-04 nan
1.333810105038766025e+01 1.281580118686258621e-05 5.360321017691193702e-04 nan
1.338405827749289223e+01 1.220491271964833162e-05 5.457855413966433570e-04 nan
1.343001513223430088e+01 7.669531605027400868e-06 6.730862489890570600e-04 nan
1.347597160375350711e+01 6.347247258723700809e-06 7.402746690232757647e-04 nan
1.352192770313821768e+01 9.340951621232117269e-06 8.360845531530615091e-04 nan
1.356788341953003219e+01 1.081520974810722634e-05 9.288328959037329144e-04 nan
1.361383876401666448e+01 8.179410290432892114e-06 9.938025063546981983e-04 nan
1.365979372573968220e+01 5.777473110246803620e-06 1.019713277865851855e-03 nan
1.370574830481370654e+01 7.082196269580375594e-06 8.300992891982627176e-04 nan
1.375170250135336403e+01 9.242388259392769696e-06 1.126496325224219568e-03 nan
1.379765631547326521e+01 8.389611514474952709e-06 1.101711716008458479e-03 nan
1.384360974728802063e+01 5.964731619578233254e-06 1.432590021901192527e-03 nan
1.388956278593910199e+01 5.813279832136562462e-06 1.202524376308832573e-03 nan
1.393551543154108607e+01 7.724054065402365219e-06 1.377269594541088429e-03 nan
1.398146769518168497e+01 8.185290849910096620e-06 1.538786094907241241e-03 nan
1.402741956600232953e+01 6.397593359933810312e-06 1.648266170496520775e-03 nan
1.407337105509073361e+01 5.306605050686038712e-06 1.664243792812609112e-03 nan
1.411932214061513768e+01 6.465307733039714573e-06 1.761394606505191232e-03 nan
1.416527282269006172e+01 7.632660805533221439e-06 1.768732506778928574e-03 nan
1.421122312337639038e+01 6.758948133613705652e-06 2.063804923447172274e-03 nan
1.425717302084229310e+01 5.313194621537472984e-06 2.725624694649729941e-03 nan
1.430312251520227029e+01 5.589498002039356296e-06 2.868509559470306877e-03 nan
1.434907161754403226e+01 6.885727336826511928e-06 2.888592069973585242e-03 nan
1.439502031700886597e+01 6.887303152974173125e-06 3.454393934093462348e-03 nan
1.444096861371127005e+01 5.586376326906682158e-06 3.592087436205182102e-03 nan
1.448691650776571649e+01 5.125143566576740629e-06 3.918555985468090593e-03 nan
1.453286399928667549e+01 6.118639346844548982e-06 4.851883734135373563e-03 nan
1.457881107741535587e+01 6.745891142276174587e-06 5.942673984747349515e-03 nan
1.462475775323946792e+01 5.914594230188928703e-06 6.459001179969709946e-03 nan
1.467070401590018136e+01 5.018220349608043125e-06 8.282761907369436127e-03 nan
1.471664987648521539e+01 5.477823892413181132e-06 1.133760075091366955e-02 nan
1.476259531316242146e+01 6.386792783658376861e-06 1.359099917137941357e-02 nan
1.480854034799278729e+01 6.146917253058237091e-06 1.751171128737162921e-02 nan
1.485448497011743285e+01 5.159964803281301391e-06 2.365416421298323357e-02 nan
1.490042916867744438e+01 5.054306852510421117e-06 3.154842490515052944e-02 nan
1.494637295476051442e+01 5.911486918602584579e-06 4.441929699153703004e-02 nan
1.499231631750769722e+01 6.204230056280349702e-06 7.179943584404860357e-02 nan
1.503825926800668356e+01 5.420402269619958121e-06 1.138114695724220526e-01 nan
1.508420179539850814e+01 4.875430247124339432e-06 1.539914203262526815e-01 nan
1.513014389979750618e+01 5.433603374655306736e-06 1.699428254814386308e-01 nan
1.517608559229138443e+01 6.075349618684126787e-06 1.591824098868341586e-01 nan
1.522202685104773501e+01 5.679087787253529911e-06 1.274414114945331966e-01 nan
1.526796767618087181e+01 4.912410349510193278e-06 9.430344830792521116e-02 nan
1.531390808975187134e+01 5.049546190422700515e-06 6.597879979215140467e-02 nan
1.535984806992825646e+01 5.801451492500631271e-06 4.626864818021637904e-02 nan
1.540578761682430375e+01 5.847205731430149839e-06 3.357119219553329759e-02 nan
1.545172674152772174e+01 5.098129454508937903e-06 2.554842534313049238e-02 nan
1.549766542220592136e+01 4.820454299437972123e-06 1.919863604591502335e-02 nan
1.554360368092003242e+01 5.454258349140274610e-06 1.470917537701364394e-02 nan
1.558954149583742677e+01 5.878437420062059689e-06 1.096226158788025061e-02 nan
1.563547887804578274e+01 5.348920580362731962e-06 7.679259913107674453e-03 nan
1.568141582765934672e+01 4.766103338975094192e-06 5.016248882342093547e-03 nan
1.572735233381887099e+01 5.113651864956105101e-06 3.560171838743724643e-03 nan
1.577328840761204454e+01 5.768992080695280449e-06 2.630777327616102591e-03 nan
1.581922403817958411e+01 5.584871254328727349e-06 1.745592862208554356e-03 nan
1.586515921466217449e+01 4.868927054425106537e-06 1.125907821935778980e-03 nan
1.591109395912101121e+01 4.849249558215362018e-06 8.690553672563815354e-04 nan
1.595702826069675595e+01 5.549406884040666640e-06 4.969175949995267936e-04 nan
1.600296210853005263e+01 5.744853013172280108e-06 4.837053497505289039e-04 nan
1.604889551370856537e+01 5.084759127908624598e-06 3.644457580855334461e-04 nan
1.609482846537290612e+01 4.708620018389697511e-06 3.973790197338391878e-04 nan
1.614076097461076387e+01 5.271804729605561403e-06 3.621611177180595882e-04 nan
1.618669303056269015e+01 5.794584944433331030e-06 3.227317481758943231e-04 nan
1.623262463334280170e+01 5.356441034667741971e-06 3.635951377691579839e-04 nan
1.627855578306520457e+01 4.712829141138836902e-06 3.067562114786627492e-04 nan
1.632448646887037569e+01 4.996345910066875596e-06 2.168401867497825666e-04 nan
1.637041670184599340e+01 5.727900025651740419e-06 2.701387169885032988e-04 nan
1.641634648210613889e+01 5.626868469152447446e-06 1.947627536319178473e-04 nan
1.646227580976488980e+01 4.858416388589764144e-06 1.370712783822903669e-04 nan
1.650820466298901579e+01 4.779908615834414045e-06 1.914768666698626063e-04 nan
1.655413306383983851e+01 5.562805445477609349e-06 1.905927200969260516e-04 nan
1.660006100145774610e+01 5.849091279458938393e-06 1.830869074033989222e-04 nan
1.664598847595675579e+01 5.123920851303128226e-06 1.530482985535898930e-04 nan
1.669191547647718465e+01 4.668950619216093581e-06 1.318149374857635614e-04 nan
1.673784201410671812e+01 5.334654900889129871e-06 9.139622175708943404e-05 nan
1.678376808895934502e+01 5.992327962228172673e-06 7.419312763031193090e-05 nan
1.682969369017534689e+01 5.478819211697150763e-06 7.060015117466284364e-05 nan
1.687561881786868057e+01 4.697483331711993992e-06 8.302871002856908040e-05 nan
1.692154348312702083e+01 5.088957970668227367e-06 6.583762749109898463e-05 nan
1.696746767509060305e+01 6.043967138469957679e-06 7.466616506823163220e-05 nan
1.701339138289959507e+01 5.893147309226483843e-06 6.604395980584778733e-05 nan
1.705931461764167167e+01 4.890539877876941403e-06 6.595843702994235358e-05 nan
1.710523737943074707e+01 4.876313711432896182e-06 3.736473773540677072e-05 nan
1.715115965740695358e+01 6.008572464371387963e-06 2.875814583734631041e-05 nan
1.719708146265795889e+01 6.347096775315787037e-06 4.118171296220566230e-05 nan
1.724300278432386335e+01 5.274010328892509313e-06 2.883948175558411790e-05 nan
1.728892362251851367e+01 4.752273434550626677e-06 3.691326992301630170e-05 nan
1.733484398832961659e+01 5.905773151982481110e-06 5.343100972475283339e-05 nan
1.738076385992335915e+01 6.841914560818281225e-06 1.229380365817099421e-05 nan
1.742668323741355252e+01 5.894685637694847346e-06 1.232789309616691007e-05 nan
1.747260214286172797e+01 4.787230148533370904e-06 3.288726268098304985e-05 nan
1.751852055443400147e+01 5.770443973010219459e-06 2.884171977992952400e-05 nan
1.756443847224415578e+01 7.418361486152400961e-06 2.875455395792617770e-05 nan
1.761035589640598431e+01 6.865005841273328038e-06 8.225005090679459826e-06 nan
1.765627283800715119e+01 5.101274163159952172e-06 2.455857212936504052e-05 nan
1.770218928618755427e+01 5.664308510436142219e-06 2.059092867679643111e-05 nan
1.774810523008702390e+01 8.206690557776914790e-06 4.952907377414298318e-05 nan
1.779402068079322063e+01 8.490151355952875093e-06 3.706326257246341329e-05 nan
1.783993563841989527e+01 5.984324064991802392e-06 2.051950414520841660e-05 nan
1.788585009210682841e+01 5.740271363212635237e-06 3.275623693785647010e-05 nan
1.793176405294168418e+01 9.625625095724961824e-06 2.060688645666784144e-05 nan
1.797767751006422188e+01 1.177137106600483691e-05 3.304221544238267010e-05 nan
1.802359045261412263e+01 8.444617174708346808e-06 2.466275296250072167e-05 nan
1.806950290265304204e+01 6.676176871785264111e-06 2.449349742635487459e-05 nan
1.811541484932067192e+01 1.368517468038351398e-05 2.039698711686319007e-05 nan
1.816132628175665786e+01 2.179560725982046272e-05 2.874445561329582081e-05 nan
1.820723721104865334e+01 1.883399632620942553e-05 1.237378542624119632e-05 nan
1.825314763731031320e+01 1.645847200151809493e-05 1.628824097188087089e-05 nan
1.829905754968122267e+01 4.833740379083859001e-05 2.044510297179433819e-05 nan
1.834496694827499041e+01 1.180158266966834950e-04 2.460213411761583984e-05 nan
1.839087583320520025e+01 1.980171315769590839e-04 4.111601401572170806e-06 nan
1.843678420458544664e+01 4.755612750344449216e-04 1.231791253131463386e-05 nan
1.848269205155521888e+01 1.129186434332457708e-03 1.234006376272450144e-05 nan
1.852859939617626495e+01 1.149903260116529524e-03 1.639415139764079172e-05 nan
1.857450621661394408e+01 1.177479593250671834e-03 2.046056312078776634e-05 nan
1.862041251298179390e+01 1.305978994791553776e-03 1.232680912904723294e-05 nan
1.866631829636745721e+01 6.938114704633937353e-04 1.647571585311169261e-05 nan
1.871222355591033804e+01 3.018255950691583686e-04 1.225509149479130035e-05 nan
1.875812829172393137e+01 1.529109031489021256e-04 2.050026300219564120e-05 nan
1.880403250392173220e+01 5.934418251728148695e-05 1.228086788677326759e-05 nan
1.884993619261723552e+01 2.243641275946908710e-05 1.236229480899302332e-05 nan
1.889583934694971745e+01 2.073572571039926913e-05 1.230447795310489196e-05 nan
1.894174197800681725e+01 1.929278370072873370e-05 1.640324158295942934e-05 nan
1.898764408590201924e+01 1.134228502830564943e-05 4.081423539523469274e-06 nan
1.903354564880030253e+01 6.743000128908048228e-06 8.186339019476500988e-06 nan
1.907944668876353589e+01 8.144959789358062512e-06 2.065522970839794436e-05 nan
1.912534719493091018e+01 9.269895600649430422e-06 4.121606971663295027e-06 nan
1.917124716741583157e+01 7.135615358084028993e-06 1.650267550320212679e-05 nan
1.921714659535740211e+01 5.177814310519328849e-06 1.230470541424740695e-05 nan
1.926304548984326814e+01 5.748385753488595052e-06 4.111829994273851177e-06 nan
1.930894385098681454e+01 6.672038981686708752e-06 1.641203835054857850e-05 nan
1.935484166792708294e+01 5.920663703790059034e-06 1.230607035416447902e-05 nan
1.940073895175173746e+01 4.798563263370144432e-06 8.187396315080990782e-06 nan
1.944663568062545167e+01 4.967197286962577729e-06 8.218329344217848703e-06 nan
1.949253187661020803e+01 5.622665379425352267e-06 4.145479362253493928e-06 nan
1.953842751787061260e+01 5.369554232041227008e-06 1.643757197205812461e-05 nan
1.958432261549430820e+01 4.660609867616361532e-06 1.654605663723563271e-05 nan
1.963021716959458018e+01 4.649625553491906940e-06 8.280129366029827993e-06 nan
1.967611116931031034e+01 5.104298117134750486e-06 8.190267495592687267e-06 nan
1.972200462572914859e+01 5.060265988264380516e-06 1.238184157504308636e-05 nan
1.976789752798994115e+01 4.593901017751644284e-06 4.116025349728945127e-06 nan
1.981378987620590237e+01 4.505150794462396655e-06 4.082700275512847257e-06 nan
1.985968167049025013e+01 4.817898078026452924e-06 0.000000000000000000e+00 nan
1.990557291095619163e+01 4.865202330387726159e-06 1.230174908279902085e-05 nan
1.995146359771691991e+01 4.553319892039768029e-06 4.104907337164515937e-06 nan
1.999735371991114974e+01 4.435211834541622358e-06 8.227014218355330191e-06 nan
2.004324328862651683e+01 4.648279378634518710e-06 8.234342046864984472e-06 nan
2.008913229300168979e+01 4.733276854976551233e-06 0.000000000000000000e+00 nan
2.013502073314980478e+01 4.524144533024000775e-06 8.132776659650514965e-06 nan
2.018090860918398022e+01 4.400157665232680674e-06 8.212549608460793649e-06 nan
2.022679593219186245e+01 4.543088347498488992e-06 1.219134472749470430e-05 nan
2.027268268033749976e+01 4.640021370566174458e-06 0.000000000000000000e+00 nan
2.031856886470851009e+01 4.500940986043197614e-06 4.110154246116012483e-06 nan
2.036445448541798342e+01 4.382234418115510166e-06 1.235976973693061406e-05 nan
2.041033953160441783e+01 4.475714820295644312e-06 4.117935162009849577e-06 nan
2.045622400338084290e+01 4.572156646869259618e-06 0.000000000000000000e+00 nan
2.050210791183490855e+01 4.481537125307749186e-06 0.000000000000000000e+00 nan
2.054799123513041081e+01 4.372942085610201874e-06 8.219090442007287510e-06 nan
2.059387399532960572e+01 4.431514671765211482e-06 8.221831559777084564e-06 nan
2.063975617059623602e+01 4.521776483582486753e-06 0.000000000000000000e+00 nan
2.068563778299257905e+01 4.465000608095233722e-06 4.149278075158146564e-06 nan
2.073151879970764355e+01 4.368063114693515398e-06 8.229760625609545410e-06 nan
2.077739924280369266e+01 4.401957354257374821e-06 4.112134823000979794e-06 nan
2.082327911239370977e+01 4.483829072765152560e-06 4.128432474433797758e-06 nan
2.086915839761594427e+01 4.450878518900577526e-06 2.050746325739356176e-05 nan
2.091503708760858515e+01 4.365491311911364565e-06 4.092414535680774656e-06 nan
2.096091520443397727e+01 4.381879864681775274e-06 4.119464286724566753e-06 nan
2.100679273723030249e+01 4.454913151826064079e-06 4.128816601052353989e-06 nan
2.105266967513570719e+01 4.438890044488364323e-06 4.115338251471540871e-06 nan
2.109854602923780220e+01 4.364199168111316245e-06 1.231586129188780274e-05 nan
2.114442178867466282e+01 4.368090009758802839e-06 4.109164670999553442e-06 nan
2.119029695355913390e+01 4.432660278470242243e-06 8.184074305865957769e-06 nan
2.123617153497884047e+01 4.428802979336943525e-06 4.118393778502745726e-06 nan
2.128204552207180456e+01 4.363711363528638415e-06 1.230402305744478584e-05 nan
2.132791890397599133e+01 4.358602976770262826e-06 8.243367074344292976e-06 nan
2.137379170275386642e+01 4.415399181413839544e-06 0.000000000000000000e+00 nan
2.141966389656852598e+01 4.420393481454564916e-06 0.000000000000000000e+00 nan
2.146553548553269763e+01 4.363823197240897671e-06 1.231426635702317803e-05 nan
2.151140648073400286e+01 4.352195555597274792e-06 1.241671870025012176e-05 nan
2.155727688228521544e+01 4.401963061253431515e-06 4.114575076938218764e-06 nan
2.160314666834924324e+01 4.413446870775807580e-06 0.000000000000000000e+00 nan
2.164901585001367934e+01 4.364447878890529274e-06 1.227068005134400618e-05 nan
2.169488443836617009e+01 4.348129756490414157e-06 0.000000000000000000e+00 nan
2.174075241156952387e+01 4.391570546915663055e-06 4.101871781043237304e-06 nan
2.178661978071135152e+01 4.407778897346488531e-06 8.260092568298153958e-06 nan
2.183248653492934466e+01 4.365537904741712263e-06 4.125362037446510626e-06 nan
2.187835268531110700e+01 4.345973574947810008e-06 0.000000000000000000e+00 nan
2.192421822099429463e+01 4.383746463849102821e-06 0.000000000000000000e+00 nan
2.197008314209151436e+01 4.403266375154674510e-06 4.089095954424394730e-06 nan
2.201594744871535170e+01 4.367052332775866471e-06 0.000000000000000000e+00 nan
2.206181114097840279e+01 4.345483143955080990e-06 4.110458826343872724e-06 nan
2.210767421899323182e+01 4.378266359087368606e-06 4.116865448098188426e-06 nan
2.215353667189734921e+01 4.399882119096409336e-06 1.227407411869054135e-05 nan
2.219939851077835158e+01 4.368954211309949722e-06 1.227679072378253842e-05 nan
2.224525972477369962e+01 4.346527879252182705e-06 4.092490019552186387e-06 nan
2.229112032497099705e+01 4.375119042196636247e-06 0.000000000000000000e+00 nan
2.233698028953253711e+01 4.397733002782994203e-06 0.000000000000000000e+00 nan
2.238283964052103769e+01 4.371228683488423484e-06 4.108175575131682203e-06 nan
2.242869835609870321e+01 4.349048879236852600e-06 0.000000000000000000e+00 nan
2.247455645832830484e+01 4.374488969991451545e-06 8.236940450617643563e-06 nan
2.252041392537196884e+01 4.397105777507191363e-06 8.230371188311135631e-06 nan
2.256627075734211374e+01 4.373917700013893883e-06 0.000000000000000000e+00 nan
2.261212695435113673e+01 4.353046167807643319e-06 0.000000000000000000e+00 nan
2.265798252748664510e+01 4.376766053604251029e-06 0.000000000000000000e+00 nan
2.270383746588582596e+01 4.398532062844730661e-06 4.124365129382900276e-06 nan
2.274969176966105877e+01 4.377172627708278058e-06 0.000000000000000000e+00 nan
2.279554543892469454e+01 4.358594851518856102e-06 1.646104768459798683e-05 nan
2.284139847378909494e+01 4.382599018219660009e-06 8.204198581996215763e-06 nan
2.288725086339131920e+01 4.402896295079335249e-06 0.000000000000000000e+00 nan
2.293310260784365795e+01 4.381335121982642617e-06 4.103692575117594483e-06 nan
2.297895371823371491e+01 4.365897435479692656e-06 0.000000000000000000e+00 nan
2.302480418369847470e+01 4.393025408119707741e-06 4.098992155993914894e-06 nan
2.307065400435020308e+01 4.411634684047445984e-06 1.634463592161347159e-05 nan
2.311650319127652153e+01 4.387073502943841733e-06 0.000000000000000000e+00 nan
2.316235172263897368e+01 4.375394125706644265e-06 8.206777995523561908e-06 nan
2.320819959854975423e+01 4.409747936732780625e-06 4.088267149459387096e-06 nan
2.325404684107185460e+01 4.427129348984591610e-06 4.121606971663295027e-06 nan
2.329989341739129927e+01 4.395642181985155555e-06 4.100810396294543636e-06 nan
2.334573934957107255e+01 4.387990119788348395e-06 4.125822311340775431e-06 nan
2.339158462674792460e+01 4.435723581592687202e-06 0.000000000000000000e+00 nan
2.343742926000946980e+01 4.453543926484177693e-06 0.000000000000000000e+00 nan
2.348327322751695334e+01 4.409435361378601205e-06 1.652633767672401956e-05 nan
2.352911654035794697e+01 4.405561008625235485e-06 4.109240776119136115e-06 nan
2.357495919864457790e+01 4.476497776686322655e-06 8.203895228733491121e-06 nan
2.362080119151343993e+01 4.498753706295892766e-06 4.094000304916146114e-06 nan
2.366664253005213325e+01 4.433318922235888726e-06 4.103768476112778192e-06 nan
2.371248320339720195e+01 4.432230065872818961e-06 4.107339020095752128e-06 nan
2.375832321166068795e+01 4.543578690506632843e-06 0.000000000000000000e+00 nan
2.380416255495463318e+01 4.579365013295417747e-06 0.000000000000000000e+00 nan
2.385000123339106182e+01 4.478337921826083904e-06 0.000000000000000000e+00 nan
2.389583924708197671e+01 4.478208526328680517e-06 0.000000000000000000e+00 nan
2.394167659613939492e+01 4.664490960399478746e-06 0.000000000000000000e+00 nan
2.398751326969968289e+01 4.736213555439754739e-06 0.000000000000000000e+00 nan
2.403334926787477954e+01 4.574363974977558775e-06 0.000000000000000000e+00 nan
2.407918460175227082e+01 4.574595431801412862e-06 0.000000000000000000e+00 nan
2.412501926046846279e+01 4.921237731028735766e-06 0.000000000000000000e+00 nan
2.417085324413526592e+01 5.096773087827832774e-06 0.000000000000000000e+00 nan
2.421668655286458360e+01 4.829522747451442007e-06 4.128432474433797758e-06 nan
2.426251918676831565e+01 4.858308707094257893e-06 4.126973446481360422e-06 nan
2.430835113498260469e+01 5.675014059193031344e-06 4.123292074043581352e-06 nan
2.435418240859504380e+01 6.275420602301163485e-06 4.105287097295934247e-06 nan
2.440001299674172941e+01 5.934210432191882201e-06 8.205715687777586303e-06 nan
2.444584289953447609e+01 6.609311339304550830e-06 4.090226683781335957e-06 nan
2.449167212806087690e+01 1.058027602596742334e-05 0.000000000000000000e+00 nan
2.453750067145695724e+01 1.576777266494205817e-05 8.260400092798589916e-06 nan
2.458332851885870340e+01 2.230021546626775934e-05 0.000000000000000000e+00 nan
2.462915568135365518e+01 5.016146810384376249e-05 1.239152281365202598e-05 nan
2.467498215905358450e+01 1.084099006842899392e-04 8.236328913887673147e-06 nan
2.472080795207024551e+01 1.512316336380523899e-04 0.000000000000000000e+00 nan
2.476663304953950018e+01 1.895769531337904016e-04 0.000000000000000000e+00 nan
2.481245745157305294e+01 1.319117367570089893e-04 8.181056635035748853e-06 nan
2.485828115828256912e+01 1.801834326239356372e-04 4.085933233240180303e-06 nan
2.490410416977972829e+01 1.929119196308137036e-04 4.143234419865964146e-06 nan
2.494992648617617803e+01 1.579004511576582862e-04 0.000000000000000000e+00 nan
2.499574810758357657e+01 8.247544677587458246e-05 8.168557046415747761e-06 nan
2.504156902313759758e+01 4.002933726176725274e-05 8.241989097090621276e-06 nan
2.508738924392581282e+01 2.505782532243248082e-05 0.000000000000000000e+00 nan
2.513320875908383911e+01 1.441771926320889626e-05 1.648550916489052276e-05 nan
2.517902756872323877e+01 8.439738557774645360e-06 4.089774317488778784e-06 nan
2.522484568393159776e+01 7.564925477723791528e-06 4.092791988318988547e-06 nan
2.527066308286842400e+01 7.444472626431049197e-06 4.131507484251366133e-06 nan
2.531647978759731998e+01 6.158235634181872430e-06 8.275805538671898723e-06 nan
2.536229577627771192e+01 5.176421580957388675e-06 8.203895228733491121e-06 nan
2.540811105999715025e+01 5.326591831473983198e-06 1.232292954516203584e-05 nan
2.545392562789104929e+01 5.538847701177624868e-06 0.000000000000000000e+00 nan
2.549973948007084701e+01 5.108648187204991380e-06 0.000000000000000000e+00 nan
2.554555262762411516e+01 4.697665020455724575e-06 4.107567137986331722e-06 nan
2.559136505968618991e+01 4.819358712460746235e-06 1.230766316791035102e-05 nan
2.563717676539232215e+01 4.988804649828198131e-06 0.000000000000000000e+00 nan
2.568298776680622453e+01 4.781742576892158378e-06 8.264092166236100225e-06 nan
2.572879804208696441e+01 4.545962771428887428e-06 0.000000000000000000e+00 nan
2.577460760232208159e+01 4.623883858180989337e-06 1.227384778910719429e-05 nan
2.582041643664673103e+01 4.749096372691822581e-06 4.110458826343872724e-06 nan
2.586622455614848093e+01 4.632637243570061658e-06 8.165851328697930242e-06 nan
2.591203194996242587e+01 4.477884273475783444e-06 1.235770453495116210e-05 nan
2.595783861819986527e+01 4.527670837083796820e-06 0.000000000000000000e+00 nan
2.600364456097209498e+01 4.621175729899918565e-06 0.000000000000000000e+00 nan
2.604944976741408169e+01 4.549797235951423266e-06 0.000000000000000000e+00 nan
2.609525425958969791e+01 4.440760907066753472e-06 0.000000000000000000e+00 nan
2.614105801565757048e+01 4.473219967566306656e-06 0.000000000000000000e+00 nan
2.618686103572890644e+01 4.544216285910198034e-06 8.200559818307932502e-06 nan
2.623266331991489153e+01 4.497920420861446609e-06 0.000000000000000000e+00 nan
2.627846487930309749e+01 4.417802489701979722e-06 0.000000000000000000e+00 nan
2.632426570302833113e+01 4.439467647147607848e-06 0.000000000000000000e+00 nan
2.637006579120176042e+01 4.494093877435328783e-06 4.105970843031963166e-06 nan
2.641586514393453200e+01 4.462732937857808059e-06 0.000000000000000000e+00 nan
2.646166375036134610e+01 4.402293202656947620e-06 0.000000000000000000e+00 nan
2.650746162156973185e+01 4.417143266533641406e-06 4.076474359320013822e-06 nan
2.655325874669434327e+01 4.459552763255531527e-06 8.273953850813538710e-06 nan
2.659905512584622755e+01 4.437476460490243213e-06 0.000000000000000000e+00 nan
2.664485077011295289e+01 4.391114492974223236e-06 8.230523842298993417e-06 nan
2.669064566862906673e+01 4.401630650013318253e-06 0.000000000000000000e+00 nan
2.673643981052907392e+01 4.434715943882584610e-06 4.088342482456244176e-06 nan
2.678223321787704592e+01 4.418575457244668586e-06 8.236328913887673147e-06 nan
2.682802586883089191e+01 4.382656931231739878e-06 0.000000000000000000e+00 nan
2.687381776350157025e+01 4.390417861464163704e-06 4.090000487322596292e-06 nan
2.691960891297661007e+01 4.416249463338148814e-06 8.176684962693744839e-06 nan
2.696539931736698392e+01 4.403974398667692548e-06 8.211029975530617677e-06 nan
2.701118895483039140e+01 4.376021584990479308e-06 4.120382307364290082e-06 nan
2.705697783645434384e+01 4.382043764399640810e-06 4.123062205564408944e-06 nan
2.710276597332638104e+01 4.402137615325372812e-06 0.000000000000000000e+00 nan
2.714855334360409600e+01 4.392413012047488746e-06 4.083526824015751271e-06 nan
2.719433994739829430e+01 4.370674567965857374e-06 4.102175134305961946e-06 nan
2.724012580677322148e+01 4.375613177443485197e-06 0.000000000000000000e+00 nan
2.728591088890958716e+01 4.391098646392191228e-06 4.095284921882310418e-06 nan
2.733169521587162265e+01 4.383077802371585054e-06 4.123445333748405489e-06 nan
2.737747877679339226e+01 4.366282693810895796e-06 4.120841471886822938e-06 nan
2.742326157178566959e+01 4.370554248302598472e-06 8.243826502897297952e-06 nan
2.746904360095921049e+01 4.382283512176807822e-06 8.244898699582895970e-06 nan
2.751482485344794426e+01 4.375421464243381792e-06 0.000000000000000000e+00 nan
2.756060535131622302e+01 4.362629388010132889e-06 0.000000000000000000e+00 nan
2.760638506174428741e+01 4.366488644641338967e-06 0.000000000000000000e+00 nan
2.765216400679646114e+01 4.375110582843169100e-06 8.169459349476766166e-06 nan
2.769794218658346807e+01 4.369063437635297212e-06 0.000000000000000000e+00 nan
2.774371957926218357e+01 4.359569125322251425e-06 0.000000000000000000e+00 nan
2.778949620689703437e+01 4.363158348079576308e-06 0.000000000000000000e+00 nan
2.783527204764482477e+01 4.369170095997972598e-06 0.000000000000000000e+00 nan
2.788104711259306967e+01 4.363732305891050725e-06 0.000000000000000000e+00 nan
2.792682140185235085e+01 4.357001529407706497e-06 1.235793396855661612e-05 nan
2.797259490455628850e+01 4.360382369191957674e-06 4.107871334371571833e-06 nan
2.801836762081540044e+01 4.364166554104251209e-06 1.229720365400006744e-05 nan
2.806413956171721935e+01 4.359231195661529654e-06 0.000000000000000000e+00 nan
2.810991071639526595e+01 4.354856138138421634e-06 1.234052132753299444e-05 nan
2.815568107398299347e+01 4.358030112398334605e-06 2.060841768475136238e-05 nan
2.820145065654494942e+01 4.359882682319455971e-06 4.096872914298634495e-06 nan
2.824721944223750825e+01 4.355416257093213271e-06 8.218177140634913897e-06 nan
2.829298744214816352e+01 4.353083209411234768e-06 8.197681420223745691e-06 nan
2.833875464541024414e+01 4.356004517655886056e-06 2.873754140959908470e-05 nan
2.838452106311127565e+01 4.356156311739986959e-06 0.000000000000000000e+00 nan
2.843028668438453721e+01 4.352183193714466296e-06 8.221374580716863759e-06 nan
2.847605150934038676e+01 4.351648150631575234e-06 8.221222263978014870e-06 nan
2.852181553808917158e+01 4.354231033698581088e-06 2.462215545958054095e-05 nan
2.856757875976404648e+01 4.352865283649415742e-06 1.641902181010381910e-05 nan
2.861334119642970464e+01 4.349458929579147784e-06 8.229455379758646508e-06 nan
2.865910282624206218e+01 4.350528267898559067e-06 2.475723571232707823e-05 nan
2.870486364931137047e+01 4.352650216386947194e-06 2.060535545489615205e-05 nan
2.875062367672513730e+01 4.349917642833481161e-06 2.872106710624909722e-05 nan
2.879638289761636116e+01 4.347197008644408070e-06 1.655006780148326166e-05 nan
2.884214131209526144e+01 4.349711194720023527e-06 1.652664542309880343e-05 nan
2.888789892027204687e+01 4.351212667632648323e-06 8.230829168024657094e-06 nan
2.893365572225692617e+01 4.347245615434732509e-06 2.892486126722403262e-05 nan
2.897941170718271664e+01 4.345376144059180292e-06 3.248288508051350989e-05 nan
2.902516688613691898e+01 4.349194834752019047e-06 4.138520229001598714e-05 nan
2.907092125922969927e+01 4.349875584036671451e-06 2.070921115558326073e-05 nan
2.911667481559379667e+01 4.344802792207165900e-06 3.276106998237074907e-05 nan
2.916242755533930264e+01 4.344002252110098564e-06 2.069723381258123661e-05 nan
2.920817947857629093e+01 4.348989117643011941e-06 2.465042271725692252e-05 nan
2.925393057443737277e+01 4.348600537416420778e-06 2.468973978332362346e-05 nan
2.929968086498749003e+01 4.342564777306731131e-06 2.489799654740398026e-05 nan
2.934543032838176302e+01 4.343115524871333434e-06 3.677678542753095133e-05 nan
2.939117897570767113e+01 4.349120654859313403e-06 7.799179647071973257e-05 nan
2.943692680707523834e+01 4.347352621813519301e-06 9.476351355155447252e-05 nan
2.948267380063937182e+01 4.340535051100353475e-06 8.651999472625091631e-05 nan
2.952841997846508804e+01 4.342806442013768969e-06 1.393914850521913861e-04 nan
2.957416532968480283e+01 4.349642859249567642e-06 1.242715057971055233e-04 nan
2.961990985440841939e+01 4.346101840573429967e-06 1.762794593472158877e-04 nan
2.966565354176822922e+01 4.338760979040547341e-06 2.172987723133952488e-04 nan
2.971139640285170813e+01 4.343250647699975959e-06 2.945216333499493713e-04 nan
2.975713843776875223e+01 4.350658320162444948e-06 3.152625934731411459e-04 nan
2.980287963565154996e+01 4.344830256509093858e-06 3.784286219740516243e-04 nan
2.984861999660990506e+01 4.337373899730170825e-06 4.008052710637016584e-04 nan
2.989435953173133598e+01 4.344788534907934205e-06 4.808127219770049854e-04 nan
2.994009821917021696e+01 4.352371703467968325e-06 6.257101881382212813e-04 nan
2.998583607001399898e+01 4.343556808107076221e-06 8.362255281190701878e-04 nan
3.003157309535021113e+01 4.336696269287031765e-06 8.881717385647945997e-04 nan
3.007730926235532465e+01 4.348127947108277680e-06 1.171973261925169469e-03 nan
3.012304460407234785e+01 4.355232421347512218e-06 1.491301448751243194e-03 nan
3.016877908767762051e+01 4.342428203281375928e-06 1.304948881183398603e-03 nan
3.021451273523639713e+01 4.337573570571168116e-06 1.301954163698079529e-03 nan
3.026024553588054644e+01 4.354953439502731839e-06 1.142427904397802854e-03 nan
3.030597748971968031e+01 4.360402097722252380e-06 9.568704969909415294e-04 nan
3.035170859686343192e+01 4.342120957760315412e-06 8.886050423009998278e-04 nan
3.039743885742141316e+01 4.342679703980702060e-06 7.566047620355378835e-04 nan
3.044316826052528668e+01 4.370295152235462131e-06 5.221547937134369231e-04 nan
3.048889681726254253e+01 4.371837591961267093e-06 4.601838296987177386e-04 nan
3.053462451676477230e+01 4.346361950526353734e-06 3.850691265800910089e-04 nan
3.058035137011946247e+01 4.364175920316933018e-06 3.578883889096189184e-04 nan
3.062607735548019505e+01 4.416703728625791721e-06 2.812410161898407004e-04 nan
3.067180249491238797e+01 4.412179573856853652e-06 2.264065948232074946e-04 nan
3.071752676656952730e+01 4.392434103171454093e-06 1.980578857208040644e-04 nan
3.076325018153906043e+01 4.515892732787063581e-06 1.722881702263580079e-04 nan
3.080897273993043584e+01 4.713265989553517840e-06 1.719702249978647085e-04 nan
3.085469443087497154e+01 4.835798929146414903e-06 1.200529152832631978e-04 nan
3.090041526546017181e+01 5.447163939944733826e-06 9.844128288307140697e-05 nan
3.094613522183918874e+01 6.973573379708115862e-06 7.790963764271829179e-05 nan
3.099185432207759305e+01 8.346581237154665112e-06 1.119216694035100412e-04 nan
3.103757255530659265e+01 1.037177020042045599e-05 6.607582071793906460e-05 nan
3.108328992163552940e+01 1.017157655138228409e-05 4.937123864310836573e-05 nan
3.112900641019547976e+01 9.195516257050847690e-06 4.123292074043581352e-05 nan
3.117472203207391601e+01 8.991938258116534703e-06 6.602911880831189011e-05 nan
3.122043678738011963e+01 1.032100015413510205e-05 2.460258878252662569e-05 nan
3.126615065426683415e+01 1.142847431021864728e-05 3.251799527584653415e-05 nan
3.131186365479975819e+01 1.002749616581319195e-05 2.058470919052215952e-05 nan
3.135757578908813414e+01 8.314153759767668107e-06 3.301947265624647504e-05 nan
3.140328703528456344e+01 6.318372165630974400e-06 2.462033398213319700e-05 nan
3.144899739349816059e+01 5.287444005593891903e-06 2.056829821232939327e-05 nan
3.149470688579470945e+01 4.961366096325026331e-06 0.000000000000000000e+00 nan
3.154041549032666580e+01 4.662062547982568800e-06 8.294213059827602196e-06 nan
3.158612321818149127e+01 4.477204969340076755e-06 0.000000000000000000e+00 nan
3.163183005848987861e+01 4.467197440979069512e-06 8.212093658897540865e-06 nan
3.167753601136088548e+01 4.455925584300021220e-06 1.235128387742568877e-05 nan
3.172324107690353046e+01 4.393200852718847903e-06 4.083752303820351475e-06 nan
3.176894525522683921e+01 4.369178097624658937e-06 1.650420995068241568e-05 nan
3.181464854643980900e+01 4.388978834185460315e-06 1.230675293727893337e-05 nan
3.186035095065142642e+01 4.382635297827946550e-06 4.113202078544881875e-06 nan
3.190605245699217107e+01 4.353795181224769429e-06 8.197832864996415983e-06 nan
3.195175307654947616e+01 4.352590886089031446e-06 0.000000000000000000e+00 nan
3.199745279845374313e+01 4.367157826225065541e-06 8.210118464684220112e-06 nan
3.204315162281385199e+01 4.358727801928612204e-06 4.103920289196863176e-06 nan
3.208884954973868275e+01 4.342486039503637532e-06 0.000000000000000000e+00 nan
3.213454657933708347e+01 4.347665460604114448e-06 8.238163796983031417e-06 nan
3.218024271171790218e+01 4.356706013699334796e-06 4.122832363710156998e-06 nan
3.222593794698997982e+01 4.347449313142870455e-06 4.133970793151947517e-06 nan
3.227163227428346204e+01 4.338329584696428997e-06 4.098159337321978593e-06 nan
3.231732569370709740e+01 4.345479624901953648e-06 8.250877485472400040e-06 nan
3.236301821634832265e+01 4.350165725664565480e-06 4.075201515006672984e-06 nan
3.240870983133719818e+01 4.341151074768234548e-06 0.000000000000000000e+00 nan
3.245440053878245124e+01 4.336785080529715570e-06 0.000000000000000000e+00 nan
3.250009033879276643e+01 4.344084476640999445e-06 4.144937256662763844e-06 nan
3.254577923147682128e+01 4.345442759756282402e-06 0.000000000000000000e+00 nan
3.259146720596449143e+01 4.337375652261293943e-06 0.000000000000000000e+00 nan
3.263715427334320651e+01 4.336369096235494874e-06 4.095889726944609697e-06 nan
3.268284043372160852e+01 4.342879465132104006e-06 0.000000000000000000e+00 nan
3.272852566525060070e+01 4.341768970749821063e-06 0.000000000000000000e+00 nan
3.277420998999645718e+01 4.335103121790749302e-06 4.095360512253409928e-06 nan
3.281989339708888309e+01 4.336452171442077655e-06 0.000000000000000000e+00 nan
3.286557588663642093e+01 4.341648707746291763e-06 4.123675244383703798e-06 nan
3.291125744776864082e+01 4.338822240010457538e-06 0.000000000000000000e+00 nan
3.295693809157296528e+01 4.333823465453232727e-06 0.000000000000000000e+00 nan
3.300261781815787288e+01 4.336710657947912382e-06 0.000000000000000000e+00 nan
3.304829661665287688e+01 4.340321172457344336e-06 0.000000000000000000e+00 nan
3.309397448716636347e+01 4.336460027914017854e-06 0.000000000000000000e+00 nan
3.313965144078578362e+01 4.333235445072628003e-06 1.240283674126438804e-05 nan
3.318532745566145792e+01 4.336953723273944107e-06 8.227014218355330191e-06 nan
3.323100255385987367e+01 4.338894979303954146e-06 8.259785065985151436e-06 nan
3.327667671353122358e+01 4.334617775644138666e-06 0.000000000000000000e+00 nan
3.332234994576293730e+01 4.333130259880253404e-06 0.000000000000000000e+00 nan
3.336802223968420122e+01 4.337061035705682367e-06 0.000000000000000000e+00 nan
3.341369360638243080e+01 4.337408127200955723e-06 4.097856576463760070e-06 nan
3.345936402400758425e+01 4.333262094521245029e-06 0.000000000000000000e+00 nan
3.350503352560541259e+01 4.333341974905855664e-06 4.111601401572170806e-06 nan
3.355070207834663165e+01 4.336959344132925782e-06 0.000000000000000000e+00 nan
3.359636968233935761e+01 4.335923771411615030e-06 0.000000000000000000e+00 nan
3.364203635965025541e+01 4.332365568792929405e-06 0.000000000000000000e+00 nan
3.368770208842900615e+01 4.333726480943426175e-06 0.000000000000000000e+00 nan
3.373336687976301818e+01 4.336614104401914205e-06 0.000000000000000000e+00 nan
3.377903072278112262e+01 4.334519719562059536e-06 4.115338251471540871e-06 nan
3.382469362857073492e+01 4.331891719544043448e-06 8.220765351480097762e-06 nan
3.387035557528127327e+01 4.334154595352170552e-06 0.000000000000000000e+00 nan
3.391601657400010339e+01 4.336026722658085966e-06 0.000000000000000000e+00 nan
3.396167663581468332e+01 4.333278456130604294e-06 4.097175530938528059e-06 nan
3.400733573887422523e+01 4.331786190243399003e-06 4.125362037446510626e-06 nan
3.405299388328671029e+01 4.334513131263052066e-06 0.000000000000000000e+00 nan
3.409865109111899528e+01 4.335232918405931851e-06 0.000000000000000000e+00 nan
3.414430732954065917e+01 4.332276610242153667e-06 0.000000000000000000e+00 nan
3.418996262061858005e+01 4.331972908762629256e-06 4.155105931023465200e-06 nan
3.423561695348119827e+01 4.334710532605851181e-06 4.116941837216933990e-06 nan
3.428127031725684049e+01 4.334299616507643399e-06 4.134818235562058843e-06 nan
3.432692273401244876e+01 4.331573964566367900e-06 4.097856576463760070e-06 nan
3.437257418189678049e+01 4.332355109357568093e-06 0.000000000000000000e+00 nan
3.441822467199720847e+01 4.334684818308090409e-06 0.000000000000000000e+00 nan
3.446387420442157890e+01 4.333318887287658411e-06 0.000000000000000000e+00 nan
3.450952275731840757e+01 4.331202946597816821e-06 4.093018493183069746e-06 nan
3.455517035275470761e+01 4.332821300588679448e-06 8.253025832644449890e-06 nan
3.460081697985857829e+01 4.334411626956370489e-06 4.132353917133201056e-06 nan
3.464646263873774501e+01 4.332398073615812766e-06 0.000000000000000000e+00 nan
3.469210732949989762e+01 4.331160126084672504e-06 0.000000000000000000e+00 nan
3.473775105225272597e+01 4.333256100955013633e-06 0.000000000000000000e+00 nan
3.478339379612413751e+01 4.333910278717033226e-06 0.000000000000000000e+00 nan
3.482903556122172262e+01 4.331646199625284528e-06 8.239387507222346936e-06 nan
3.487467635863288962e+01 4.331401610776213645e-06 0.000000000000000000e+00 nan
3.492031617748542516e+01 4.333555250419043699e-06 4.119923244903957132e-06 nan
3.496595502886672335e+01 4.333245657769072242e-06 4.109773582956004700e-06 nan
3.501159289092467475e+01 4.331157497236623325e-06 0.000000000000000000e+00 nan
3.505722977474661661e+01 4.331844315314170978e-06 0.000000000000000000e+00 nan
3.510286566946015085e+01 4.333643371127148320e-06 4.093018493183069746e-06 nan
3.514850058615266448e+01 4.332524068248334899e-06 8.249036935706234862e-06 nan
3.519413452493163419e+01 4.330994051107123658e-06 4.141610290774831997e-06 nan
3.523976747492454820e+01 4.332374891702829707e-06 1.642145223278876446e-05 nan
3.528539943623881214e+01 4.333492263640789409e-06 0.000000000000000000e+00 nan
3.533103040898179614e+01 4.331881844715972996e-06 1.236275402454665613e-05 nan
3.537666039326087741e+01 4.331170504371811756e-06 0.000000000000000000e+00 nan
3.542228938918341186e+01 4.332867455600799463e-06 4.116101707785283203e-06 nan
3.546791739685673406e+01 4.333136800772186304e-06 0.000000000000000000e+00 nan
3.551354440540806223e+01 4.331466598482819912e-06 4.111677597660235819e-06 nan
3.555917042592477628e+01 4.331644699836782790e-06 0.000000000000000000e+00 nan
3.560479543655388568e+01 4.333210450448561411e-06 8.194351059658310912e-06 nan
3.565041945936286538e+01 4.332685382566322580e-06 4.101341019887843684e-06 nan
3.569604249445900024e+01 4.331412725325513111e-06 4.125131938218017098e-06 nan
3.574166451998912208e+01 4.332318910665889229e-06 0.000000000000000000e+00 nan
3.578728553606033813e+01 4.333342171559875501e-06 8.271023707194267652e-06 nan
3.583290556474025834e+01 4.332322608845995189e-06 4.154327937502543157e-06 nan
3.587852458417555823e+01 4.331814970224336317e-06 0.000000000000000000e+00 nan
3.592414259447328817e+01 4.333057047370312434e-06 0.000000000000000000e+00 nan
3.596975960672082806e+01 4.333294697799086023e-06 0.000000000000000000e+00 nan
3.601537561004496979e+01 4.332304235119661422e-06 4.134201879721283166e-06 nan
3.606099060455270688e+01 4.332706971135676064e-06 4.133354690247927242e-06 nan
3.610660459035108261e+01 4.333725259786027884e-06 0.000000000000000000e+00 nan
3.615221755656667568e+01 4.333249516020149132e-06 0.000000000000000000e+00 nan
3.619782952526726660e+01 4.332950403047866292e-06 0.000000000000000000e+00 nan
3.624344046361854765e+01 4.334057164598093116e-06 0.000000000000000000e+00 nan
3.628905040466874254e+01 4.334270833778448395e-06 0.000000000000000000e+00 nan
3.633465931558341566e+01 4.333622062417276473e-06 0.000000000000000000e+00 nan
3.638026721843036171e+01 4.334658438037634081e-06 0.000000000000000000e+00 nan
3.642587409135543908e+01 4.335809213302839182e-06 4.122372755438931701e-06 nan
3.647147995642654195e+01 4.334884291410696283e-06 0.000000000000000000e+00 nan
3.651708479178937949e+01 4.335243452459447700e-06 0.000000000000000000e+00 nan
3.656268860853130320e+01 4.338007009557409646e-06 1.652449143366212193e-05 nan
3.660829140675910054e+01 4.338053249754144082e-06 4.101189397615695738e-06 nan
3.665389316461826752e+01 4.336423126280274658e-06 0.000000000000000000e+00 nan
3.669949390417675517e+01 4.339925729198758184e-06 0.000000000000000000e+00 nan
3.674509362554133673e+01 4.344250706412200722e-06 4.091584386157226927e-06 nan
3.679069230685730929e+01 4.341740280190468781e-06 4.068998431902834895e-06 nan
3.683628995921200300e+01 4.342035574998506764e-06 0.000000000000000000e+00 nan
3.688188658271204190e+01 4.352964185137108876e-06 0.000000000000000000e+00 nan
3.692748217746406425e+01 4.358032056954879573e-06 0.000000000000000000e+00 nan
3.697307673259387428e+01 4.353104782001764865e-06 0.000000000000000000e+00 nan
3.701867024820801788e+01 4.367692022207788815e-06 0.000000000000000000e+00 nan
3.706426273539384653e+01 4.401180592975344255e-06 0.000000000000000000e+00 nan
3.710985417229618122e+01 4.412736397579701632e-06 0.000000000000000000e+00 nan
3.715544458098323588e+01 4.440369802026131197e-06 0.000000000000000000e+00 nan
3.720103395058063711e+01 4.583317592730899743e-06 0.000000000000000000e+00 nan
3.724662227021389072e+01 4.784930143596921371e-06 1.234006376272450144e-05 nan
3.729220955097036239e+01 5.061939909005706895e-06 4.103616676341154286e-06 nan
3.733779579295644879e+01 5.884083650418388434e-06 4.111753793748299985e-06 nan
3.738338098529758469e+01 6.950997390719264043e-06 4.132276953359898324e-06 nan
3.742896512810007437e+01 7.726888038714885322e-06 0.000000000000000000e+00 nan
3.747454822147026476e+01 8.348574581127548769e-06 1.650359613752165172e-05 nan
3.752013026551443886e+01 7.313414745807130661e-06 0.000000000000000000e+00 nan
3.756571126033890096e+01 7.662497691779190795e-06 4.106198810047987262e-06 nan
3.761129120604991272e+01 8.271096792863116942e-06 4.092867487721605716e-06 nan
3.765687010275373581e+01 7.499692843868169742e-06 8.193291966871616225e-06 nan
3.770244793957544971e+01 8.726946472950458479e-06 4.099598057115484196e-06 nan
3.774802471662121661e+01 9.479035165280316852e-06 0.000000000000000000e+00 nan
3.779360043399720581e+01 9.326788027981781578e-06 4.134201879721283166e-06 nan
3.783917510279073326e+01 7.677148403025797318e-06 0.000000000000000000e+00 nan
3.788474870114551862e+01 6.361663573965425609e-06 0.000000000000000000e+00 nan
3.793032125113011688e+01 5.580244742816661993e-06 4.103237224615078357e-06 nan
3.797589273088810558e+01 4.962263618172657358e-06 0.000000000000000000e+00 nan
3.802146315150681488e+01 4.681261717871267737e-06 4.121147636297516751e-06 nan
3.806703250211094058e+01 4.594686886949017724e-06 4.094755862503153173e-06 nan
3.811260078280648145e+01 4.493641746335515763e-06 8.213613684545310173e-06 nan
3.815816800468076053e+01 4.419697836548693116e-06 0.000000000000000000e+00 nan
3.820373415685838836e+01 4.413611563138988887e-06 4.085406590072656227e-06 nan
3.824929923944529264e+01 4.406507596737531172e-06 0.000000000000000000e+00 nan
3.829486325254739398e+01 4.375044116031167406e-06 4.107871334371571833e-06 nan
3.834042618528910396e+01 4.363401843855878120e-06 4.112211036838992064e-06 nan
3.838598804875774562e+01 4.371493755535742298e-06 4.112592150403923674e-06 nan
3.843154883207765238e+01 4.364218731723582073e-06 0.000000000000000000e+00 nan
3.847710854633617572e+01 4.349502423091756146e-06 0.000000000000000000e+00 nan
3.852266718065757090e+01 4.351259886300820070e-06 4.112897090068224555e-06 nan
3.856822473514760219e+01 4.355942889998674845e-06 4.105590956432168001e-06 nan
3.861378120991199836e+01 4.347739362500960016e-06 4.116178070279107458e-06 nan
3.865933660505648817e+01 4.341839458748596991e-06 4.071462455238811379e-06 nan
3.870489090970511370e+01 4.346674682391815089e-06 4.124595142080398490e-06 nan
3.875044413494519802e+01 4.346997479328534343e-06 4.103920289196863176e-06 nan
3.879599628088239882e+01 4.340071757242494626e-06 8.153697755339992220e-06 nan
3.884154733664066583e+01 4.339537794095538756e-06 0.000000000000000000e+00 nan
3.888709730232557860e+01 4.343590787960371827e-06 0.000000000000000000e+00 nan
3.893264617804268823e+01 4.340988832006662510e-06 0.000000000000000000e+00 nan
3.897819396389756008e+01 4.336664726437341395e-06 0.000000000000000000e+00 nan
3.902374065999571684e+01 4.338861227052303583e-06 4.077748000162258895e-06 nan
3.906928625546081690e+01 4.340690687424082712e-06 4.106654817298569691e-06 nan
3.911483076138018333e+01 4.337021398937017548e-06 0.000000000000000000e+00 nan
3.916037417785928909e+01 4.335527188707326068e-06 4.095133747796343633e-06 nan
3.920591649402170020e+01 4.338326538197387428e-06 0.000000000000000000e+00 nan
3.925145770997278305e+01 4.337897957939984338e-06 0.000000000000000000e+00 nan
3.929699782581793954e+01 4.334740750146031011e-06 0.000000000000000000e+00 nan
3.934253684166250054e+01 4.335433622594959563e-06 0.000000000000000000e+00 nan
3.938807475761181109e+01 4.337388717994629088e-06 0.000000000000000000e+00 nan
3.943361156278916724e+01 4.335502737826225067e-06 0.000000000000000000e+00 nan
3.947914726828186360e+01 4.333787199853471835e-06 4.086685817710945128e-06 nan
3.952468187419518841e+01 4.335547439432646710e-06 8.197227121405631023e-06 nan
3.957021536965230979e+01 4.336029484096054685e-06 0.000000000000000000e+00 nan
3.961574775475843779e+01 4.333800543481238248e-06 4.077673057664251637e-06 nan
3.966127902961873275e+01 4.333688089960289722e-06 0.000000000000000000e+00 nan
3.970680919433835498e+01 4.335371720466599893e-06 4.095814116604819418e-06 nan
3.975233823804027367e+01 4.334521389587018549e-06 0.000000000000000000e+00 nan
3.979786618279395327e+01 4.332909959849978791e-06 0.000000000000000000e+00 nan
3.984339300674012208e+01 4.333921664041126779e-06 0.000000000000000000e+00 nan
3.988891870998378408e+01 4.334745800247856550e-06 0.000000000000000000e+00 nan
3.993444330361225525e+01 4.333222825277333380e-06 0.000000000000000000e+00 nan
3.997996676576597253e+01 4.332714263681779998e-06 4.071238328867725322e-06 nan
4.002548911851451408e+01 4.334045282457810369e-06 0.000000000000000000e+00 nan
4.007101035098055064e+01 4.333792972937331992e-06 4.083677141666740663e-06 nan
4.011653046326902938e+01 4.332402149543689567e-06 4.058206911876723714e-06 nan
4.016204944450248604e+01 4.332910911724026751e-06 0.000000000000000000e+00 nan
4.020756729478576119e+01 4.333811912300717794e-06 4.125131938218017098e-06 nan
4.025308403618858932e+01 4.332800934974267930e-06 0.000000000000000000e+00 nan
4.029859963586849148e+01 4.332127470754327211e-06 0.000000000000000000e+00 nan
4.034411411589519503e+01 4.333136872062297570e-06 0.000000000000000000e+00 nan
4.038962745440849744e+01 4.333218323847405587e-06 0.000000000000000000e+00 nan
4.043513967347821136e+01 4.332064269540956191e-06 0.000000000000000000e+00 nan
4.048065075124398504e+01 4.332252409273348181e-06 0.000000000000000000e+00 nan
4.052616069879309890e+01 4.333114528817026211e-06 8.250877485472400040e-06 nan
4.057166950524764104e+01 4.332460130462282233e-06 8.182565191998548355e-06 nan
4.061717718169487057e+01 4.331744641448165142e-06 4.122908974703249629e-06 nan
4.066268371725682584e+01 4.332497264566536979e-06 8.114929557594098295e-06 nan
4.070818911203809165e+01 4.332754886080370170e-06 0.000000000000000000e+00 nan
4.075369337712597684e+01 4.331810178776310824e-06 8.204046902036738173e-06 nan
4.079919649065962517e+01 4.331803762549553771e-06 0.000000000000000000e+00 nan
4.084469846372627444e+01 4.332586701943649513e-06 0.000000000000000000e+00 nan
4.089019928544767879e+01 4.332171932495133997e-06 0.000000000000000000e+00 nan
4.093569896691110443e+01 4.331473139180357056e-06 1.224404538726507430e-05 nan
4.098119750822102958e+01 4.332036133369607783e-06 8.224422073677984128e-06 nan
4.102669489849908757e+01 4.332379080113121824e-06 8.226099157519388018e-06 nan
4.107219112686679807e+01 4.331601548541261954e-06 8.149504929252449756e-06 nan
4.111768621539425794e+01 4.331483455868943749e-06 4.117476645360408973e-06 nan
4.116318015320301527e+01 4.332183810464078481e-06 0.000000000000000000e+00 nan
4.120867294039737061e+01 4.331924369954848986e-06 4.095889726944609697e-06 nan
4.125416456609870153e+01 4.331264515161555084e-06 4.089171316264916632e-06 nan
4.129965503041123753e+01 4.331696098184513842e-06 0.000000000000000000e+00 nan
4.134514434442223774e+01 4.332074701802981324e-06 8.185281996777458215e-06 nan
4.139063250823598139e+01 4.331420887363012703e-06 4.090980850216190842e-06 nan
4.143611949999057487e+01 4.331243505939144266e-06 4.100431463754437897e-06 nan
4.148160533077322043e+01 4.331874653726745205e-06 4.063930442424332441e-06 nan
4.152709001167122693e+01 4.331711278672139283e-06 0.000000000000000000e+00 nan
4.157257350983932298e+01 4.331092837272978477e-06 0.000000000000000000e+00 nan
4.161805585833104715e+01 4.331440139538177379e-06 0.000000000000000000e+00 nan
4.166353703528415764e+01 4.331829573072083554e-06 0.000000000000000000e+00 nan
4.170901705178592067e+01 4.331259845794150418e-06 4.109621339435687506e-06 nan
4.175449588597388129e+01 4.331055330610144387e-06 0.000000000000000000e+00 nan
4.179997355991854135e+01 4.331637588836632799e-06 0.000000000000000000e+00 nan
4.184545006274063184e+01 4.331528806252492520e-06 0.000000000000000000e+00 nan
4.189092539454409092e+01 4.330943942413001255e-06 0.000000000000000000e+00 nan
4.193639954444952167e+01 4.331244758706111307e-06 0.000000000000000000e+00 nan
4.198187252354414767e+01 4.331635043751325337e-06 0.000000000000000000e+00 nan
4.202734433193187158e+01 4.331114318582182238e-06 0.000000000000000000e+00 nan
4.207281495873314725e+01 4.330902113435640742e-06 0.000000000000000000e+00 nan
4.211828440405179208e+01 4.331458919193628878e-06 4.098689273104804849e-06 nan
4.216375266799155241e+01 4.331375041009250588e-06 4.114727688769951497e-06 nan
4.220921975065623144e+01 4.330810241198611743e-06 0.000000000000000000e+00 nan
4.225468565214954708e+01 4.331096488106803963e-06 8.276268588214237337e-06 nan
4.230015037257525989e+01 4.331487165806217688e-06 4.107262985975960178e-06 nan
4.234561390105347556e+01 4.330983166637929991e-06 8.277658054121570460e-06 nan
4.239107624867144608e+01 4.330775191972578058e-06 1.222874904810164518e-05 nan
4.243653740454920609e+01 4.331333577975503784e-06 0.000000000000000000e+00 nan
4.248199737977400048e+01 4.331252168540774274e-06 4.125515450244633774e-06 nan
4.252745615248213795e+01 4.330689242561297857e-06 0.000000000000000000e+00 nan
4.257291374474448986e+01 4.330991970374109894e-06 0.000000000000000000e+00 nan
4.261837013469720148e+01 4.331391274920266620e-06 0.000000000000000000e+00 nan
4.266382533342750349e+01 4.330870730181533378e-06 0.000000000000000000e+00 nan
4.270927934103889356e+01 4.330674896165742628e-06 8.240458550161341896e-06 nan
4.275473214665104393e+01 4.331271790302133992e-06 4.131969131547835855e-06 nan
4.280018375036735989e+01 4.331175098576604353e-06 4.125668876355218000e-06 nan
4.284563416327507213e+01 4.330588025323331704e-06 4.143698691935952180e-06 nan
4.289108337449375341e+01 4.330947372595687576e-06 0.000000000000000000e+00 nan
4.293653137314281310e+01 4.331380370387969350e-06 4.154561304940159375e-06 nan
4.298197818129339964e+01 4.330801609808765178e-06 4.107415056434287591e-06 nan
4.302742377708096910e+01 4.330625764924102312e-06 0.000000000000000000e+00 nan
4.307286817159272374e+01 4.331333329172623223e-06 8.261015208361770611e-06 nan
4.311831135394793790e+01 4.331212736192534575e-06 4.141842231560400680e-06 nan
4.316375333523383517e+01 4.330557204513043478e-06 0.000000000000000000e+00 nan
4.320919410456960463e+01 4.331060851664647585e-06 0.000000000000000000e+00 nan
4.325463366205837445e+01 4.331620717023930202e-06 8.275496864862346734e-06 nan
4.330007200780330123e+01 4.330922858411248919e-06 4.171981995565069282e-06 nan
4.334550913092334667e+01 4.330809527810618622e-06 8.283993744866062365e-06 nan
4.339094505348988662e+01 4.331896712246586447e-06 8.184225246983862462e-06 nan
4.343637975363768078e+01 4.331842100847213800e-06 0.000000000000000000e+00 nan
4.348181323146971522e+01 4.331099506231852008e-06 8.295143339024968181e-06 nan
4.352724549807322774e+01 4.332318038240207964e-06 4.094151392471118432e-06 nan
4.357267654256696687e+01 4.333827198969322161e-06 0.000000000000000000e+00 nan
4.361810636505387606e+01 4.333417878204497192e-06 8.236940450617643563e-06 nan
4.366353496563687742e+01 4.335151906309180833e-06 4.143157052281350514e-06 nan
4.370896234441885753e+01 4.341173069985868076e-06 4.160169997763522173e-06 nan
4.375438849051835177e+01 4.346545377188855716e-06 1.243504407908527491e-05 nan
4.379981341502254821e+01 4.356972915524748839e-06 1.247255868677361560e-05 nan
4.384523711803429080e+01 4.384436523592191582e-06 8.260246327220257514e-06 nan
4.389065958867198702e+01 4.415405575096850282e-06 1.244713590037510347e-05 nan
4.393608082703833873e+01 4.449897664312303959e-06 1.247863818364772563e-05 nan
4.398150083323609039e+01 4.480060871424286148e-06 8.307722562785404091e-06 nan
4.402691960736796517e+01 4.458562128135276051e-06 8.341924859386395453e-06 nan
4.407233714953662229e+01 4.447450502171723647e-06 8.353388294808383288e-06 nan
4.411775344886016370e+01 4.455352618934630139e-06 1.661824521754189229e-05 nan
4.416316851642579167e+01 4.483067407541059598e-06 8.296539148319866133e-06 nan
4.420858235233612277e+01 4.475800466927690164e-06 1.658129784493276473e-05 nan
4.425399494570910264e+01 4.471263020623743178e-06 3.335202502671451476e-05 nan
4.429940629664728391e+01 4.485282941798702009e-06 2.898586140317332372e-05 nan
4.434481640525315527e+01 4.534837943584252275e-06 2.527186587054805773e-05 nan
4.439022527162922671e+01 4.537444068218416066e-06 0.000000000000000000e+00 nan
4.443563288489318808e+01 4.514623690636774919e-06 8.259631324812995984e-06 nan
4.448103926711700495e+01 4.455634074797342498e-06 1.246345053850788785e-05 nan
4.452644439643355412e+01 4.410451179669286040e-06 8.333934811389807226e-06 nan
4.457184827294516793e+01 4.383757035848925601e-06 3.343873199038192368e-05 nan
4.461725090773904867e+01 4.360729375003574441e-06 1.240191238167458606e-05 nan
4.466265228993269432e+01 4.349344904411102633e-06 4.118088022340848993e-06 nan
4.470805241962837329e+01 4.345269324579554165e-06 2.901564490575860971e-05 nan
4.475345129692838242e+01 4.340108300718567905e-06 2.484548774238099899e-05 nan
4.479884892193495460e+01 4.336749419408277645e-06 3.309273024046649871e-05 nan
4.484424528376532493e+01 4.336553618342905412e-06 2.482741660935946563e-05 nan
4.488964039350666013e+01 4.335502358489439898e-06 3.320229651867686574e-05 nan
4.493503424027610293e+01 4.333709602008918838e-06 1.663288327770678359e-05 nan
4.498042683516086271e+01 4.333648209773185404e-06 2.896099845234456293e-05 nan
4.502581816727796848e+01 4.333809275455097876e-06 3.748721781057959247e-05 nan
4.507120823672951104e+01 4.332788481608664618e-06 4.580911090878197665e-05 nan
4.511659703263234888e+01 4.332382809823208470e-06 4.549402224593714989e-05 nan
4.516198457705884550e+01 4.332820049729657509e-06 4.144085665202374130e-05 nan
4.520737084814064133e+01 4.332433703739175355e-06 9.965349144470237288e-05 nan
4.525275585696490310e+01 4.331826113961843962e-06 6.626576463908484072e-05 nan
4.529813959264834722e+01 4.332113998202123822e-06 4.169551546255200922e-05 nan
4.534352206627814752e+01 4.332191802709783449e-06 5.794684918336181600e-05 nan
4.538890325598559627e+01 4.331629423213086240e-06 6.306951424738038508e-05 nan
4.543428318384317777e+01 4.331621396992440830e-06 4.172923574822900961e-05 nan
4.547966183896740233e+01 4.331926005796913346e-06 2.916931967092256707e-05 nan
4.552503921047468793e+01 4.331589667513448563e-06 1.667632585984054616e-05 nan
4.557041530945217289e+01 4.331329329933730497e-06 1.240514824595585934e-05 nan
4.561579013600164245e+01 4.331629668810335883e-06 1.675281987855890223e-05 nan
4.566116367923935115e+01 4.331574053429558320e-06 1.677752251185987218e-05 nan
4.570653593926697766e+01 4.331207021272056061e-06 1.260816849589784773e-05 nan
4.575190691618615091e+01 4.331348326753316910e-06 4.168846462863272251e-06 nan
4.579727662108408026e+01 4.331560438265846390e-06 2.075337634252608809e-05 nan
